16457 16457 16457 16457 16457 12 273 0 12 1158 0
16457 16457 16457 16457 12 273 0 12 1158 0 12
16457 16457 16457 12 273 0 12 1158 0 12 572
16457 16457 12 273 0 12 1158 0 12 572 0
16457 12 273 0 12 1158 0 12 572 0 25
12 273 0 12 1158 0 12 572 0 25 12
273 0 12 1158 0 12 572 0 25 12 93
0 12 1158 0 12 572 0 25 12 93 102
12 1158 0 12 572 0 25 12 93 102 5547
1158 0 12 572 0 25 12 93 102 5547 8
0 12 572 0 25 12 93 102 5547 8 156
12 572 0 25 12 93 102 5547 8 156 2335
572 0 25 12 93 102 5547 8 156 2335 45
0 25 12 93 102 5547 8 156 2335 45 145
25 12 93 102 5547 8 156 2335 45 145 8
12 93 102 5547 8 156 2335 45 145 8 1
93 102 5547 8 156 2335 45 145 8 1 16457
102 5547 8 156 2335 45 145 8 1 16457 16457
5547 8 156 2335 45 145 8 1 16457 16457 16457
8 156 2335 45 145 8 1 16457 16457 16457 16457
156 2335 45 145 8 1 16457 16457 16457 16457 16457
16457 16457 16457 16457 16457 13 144 9645 942 145 156
16457 16457 16457 16457 13 144 9645 942 145 156 1282
16457 16457 16457 13 144 9645 942 145 156 1282 14
16457 16457 13 144 9645 942 145 156 1282 14 17
16457 13 144 9645 942 145 156 1282 14 17 234
13 144 9645 942 145 156 1282 14 17 234 448
144 9645 942 145 156 1282 14 17 234 448 607
9645 942 145 156 1282 14 17 234 448 607 65
942 145 156 1282 14 17 234 448 607 65 5237
145 156 1282 14 17 234 448 607 65 5237 1
156 1282 14 17 234 448 607 65 5237 1 16457
1282 14 17 234 448 607 65 5237 1 16457 16457
14 17 234 448 607 65 5237 1 16457 16457 16457
17 234 448 607 65 5237 1 16457 16457 16457 16457
234 448 607 65 5237 1 16457 16457 16457 16457 16457
16457 16457 16457 16457 16457 2 15 567 54 12 40
16457 16457 16457 16457 2 15 567 54 12 40 2030
16457 16457 16457 2 15 567 54 12 40 2030 24
16457 16457 2 15 567 54 12 40 2030 24 21
16457 2 15 567 54 12 40 2030 24 21 32
2 15 567 54 12 40 2030 24 21 32 441
15 567 54 12 40 2030 24 21 32 441 63
567 54 12 40 2030 24 21 32 441 63 8
54 12 40 2030 24 21 32 441 63 8 1942
12 40 2030 24 21 32 441 63 8 1942 4003
40 2030 24 21 32 441 63 8 1942 4003 828
2030 24 21 32 441 63 8 1942 4003 828 0
24 21 32 441 63 8 1942 4003 828 0 5933
21 32 441 63 8 1942 4003 828 0 5933 66
32 441 63 8 1942 4003 828 0 5933 66 57
441 63 8 1942 4003 828 0 5933 66 57 138
63 8 1942 4003 828 0 5933 66 57 138 27
8 1942 4003 828 0 5933 66 57 138 27 14
1942 4003 828 0 5933 66 57 138 27 14 85
4003 828 0 5933 66 57 138 27 14 85 78
828 0 5933 66 57 138 27 14 85 78 73
0 5933 66 57 138 27 14 85 78 73 1942
5933 66 57 138 27 14 85 78 73 1942 1
66 57 138 27 14 85 78 73 1942 1 16457
57 138 27 14 85 78 73 1942 1 16457 16457
138 27 14 85 78 73 1942 1 16457 16457 16457
27 14 85 78 73 1942 1 16457 16457 16457 16457
14 85 78 73 1942 1 16457 16457 16457 16457 16457
16457 16457 16457 16457 16457 13 3145 1229 12 63 23
16457 16457 16457 16457 13 3145 1229 12 63 23 483
16457 16457 16457 13 3145 1229 12 63 23 483 48
16457 16457 13 3145 1229 12 63 23 483 48 45
16457 13 3145 1229 12 63 23 483 48 45 55
13 3145 1229 12 63 23 483 48 45 55 26
3145 1229 12 63 23 483 48 45 55 26 2462
1229 12 63 23 483 48 45 55 26 2462 26
12 63 23 483 48 45 55 26 2462 26 23
63 23 483 48 45 55 26 2462 26 23 994
23 483 48 45 55 26 2462 26 23 994 1
483 48 45 55 26 2462 26 23 994 1 16457
48 45 55 26 2462 26 23 994 1 16457 16457
45 55 26 2462 26 23 994 1 16457 16457 16457
55 26 2462 26 23 994 1 16457 16457 16457 16457
26 2462 26 23 994 1 16457 16457 16457 16457 16457
16457 16457 16457 16457 16457 26 12857 26 236 35 994
16457 16457 16457 16457 26 12857 26 236 35 994 1
16457 16457 16457 26 12857 26 236 35 994 1 16457
16457 16457 26 12857 26 236 35 994 1 16457 16457
16457 26 12857 26 236 35 994 1 16457 16457 16457
26 12857 26 236 35 994 1 16457 16457 16457 16457
12857 26 236 35 994 1 16457 16457 16457 16457 16457
16457 16457 16457 16457 16457 12858 827 1510 1366 3446 1942
16457 16457 16457 16457 12858 827 1510 1366 3446 1942 4586
16457 16457 16457 12858 827 1510 1366 3446 1942 4586 4003
16457 16457 12858 827 1510 1366 3446 1942 4586 4003 828
16457 12858 827 1510 1366 3446 1942 4586 4003 828 14
12858 827 1510 1366 3446 1942 4586 4003 828 14 10092
827 1510 1366 3446 1942 4586 4003 828 14 10092 12
1510 1366 3446 1942 4586 4003 828 14 10092 12 116
1366 3446 1942 4586 4003 828 14 10092 12 116 16457
3446 1942 4586 4003 828 14 10092 12 116 16457 16457
1942 4586 4003 828 14 10092 12 116 16457 16457 16457
4586 4003 828 14 10092 12 116 16457 16457 16457 16457
4003 828 14 10092 12 116 16457 16457 16457 16457 16457
16457 16457 16457 16457 16457 12857 236 23 279 30 2589
16457 16457 16457 16457 12857 236 23 279 30 2589 26
16457 16457 16457 12857 236 23 279 30 2589 26 11
16457 16457 12857 236 23 279 30 2589 26 11 213
16457 12857 236 23 279 30 2589 26 11 213 53
12857 236 23 279 30 2589 26 11 213 53 903
236 23 279 30 2589 26 11 213 53 903 6345
23 279 30 2589 26 11 213 53 903 6345 656
279 30 2589 26 11 213 53 903 6345 656 41
30 2589 26 11 213 53 903 6345 656 41 21
2589 26 11 213 53 903 6345 656 41 21 26
26 11 213 53 903 6345 656 41 21 26 2339
11 213 53 903 6345 656 41 21 26 2339 285
213 53 903 6345 656 41 21 26 2339 285 1464
53 903 6345 656 41 21 26 2339 285 1464 26
903 6345 656 41 21 26 2339 285 1464 26 84
6345 656 41 21 26 2339 285 1464 26 84 8107
656 41 21 26 2339 285 1464 26 84 8107 1215
41 21 26 2339 285 1464 26 84 8107 1215 1510
21 26 2339 285 1464 26 84 8107 1215 1510 1040
26 2339 285 1464 26 84 8107 1215 1510 1040 1
2339 285 1464 26 84 8107 1215 1510 1040 1 16457
285 1464 26 84 8107 1215 1510 1040 1 16457 16457
1464 26 84 8107 1215 1510 1040 1 16457 16457 16457
26 84 8107 1215 1510 1040 1 16457 16457 16457 16457
84 8107 1215 1510 1040 1 16457 16457 16457 16457 16457
16457 16457 16457 16457 16457 531 104 47 4 173 3926
16457 16457 16457 16457 531 104 47 4 173 3926 3
16457 16457 16457 531 104 47 4 173 3926 3 12859
16457 16457 531 104 47 4 173 3926 3 12859 12802
16457 531 104 47 4 173 3926 3 12859 12802 1
531 104 47 4 173 3926 3 12859 12802 1 16457
104 47 4 173 3926 3 12859 12802 1 16457 16457
47 4 173 3926 3 12859 12802 1 16457 16457 16457
4 173 3926 3 12859 12802 1 16457 16457 16457 16457
173 3926 3 12859 12802 1 16457 16457 16457 16457 16457
16457 16457 16457 16457 16457 333 75 1114 6662 330 134
16457 16457 16457 16457 333 75 1114 6662 330 134 0
16457 16457 16457 333 75 1114 6662 330 134 0 157
16457 16457 333 75 1114 6662 330 134 0 157 532
16457 333 75 1114 6662 330 134 0 157 532 365
333 75 1114 6662 330 134 0 157 532 365 24
75 1114 6662 330 134 0 157 532 365 24 8498
1114 6662 330 134 0 157 532 365 24 8498 913
6662 330 134 0 157 532 365 24 8498 913 151
330 134 0 157 532 365 24 8498 913 151 888
134 0 157 532 365 24 8498 913 151 888 170
0 157 532 365 24 8498 913 151 888 170 284
157 532 365 24 8498 913 151 888 170 284 1703
532 365 24 8498 913 151 888 170 284 1703 1942
365 24 8498 913 151 888 170 284 1703 1942 32
24 8498 913 151 888 170 284 1703 1942 32 1331
8498 913 151 888 170 284 1703 1942 32 1331 1
913 151 888 170 284 1703 1942 32 1331 1 16457
151 888 170 284 1703 1942 32 1331 1 16457 16457
888 170 284 1703 1942 32 1331 1 16457 16457 16457
170 284 1703 1942 32 1331 1 16457 16457 16457 16457
284 1703 1942 32 1331 1 16457 16457 16457 16457 16457
16457 16457 16457 16457 16457 157 1620 460 3781 3 196
16457 16457 16457 16457 157 1620 460 3781 3 196 1112
16457 16457 16457 157 1620 460 3781 3 196 1112 273
16457 16457 157 1620 460 3781 3 196 1112 273 591
16457 157 1620 460 3781 3 196 1112 273 591 168
157 1620 460 3781 3 196 1112 273 591 168 41
1620 460 3781 3 196 1112 273 591 168 41 1413
460 3781 3 196 1112 273 591 168 41 1413 0
3781 3 196 1112 273 591 168 41 1413 0 196
3 196 1112 273 591 168 41 1413 0 196 1415
196 1112 273 591 168 41 1413 0 196 1415 2351
1112 273 591 168 41 1413 0 196 1415 2351 62
273 591 168 41 1413 0 196 1415 2351 62 165
591 168 41 1413 0 196 1415 2351 62 165 70
168 41 1413 0 196 1415 2351 62 165 70 16
41 1413 0 196 1415 2351 62 165 70 16 26
1413 0 196 1415 2351 62 165 70 16 26 383
0 196 1415 2351 62 165 70 16 26 383 183
196 1415 2351 62 165 70 16 26 383 183 105
1415 2351 62 165 70 16 26 383 183 105 125
2351 62 165 70 16 26 383 183 105 125 0
62 165 70 16 26 383 183 105 125 0 6
165 70 16 26 383 183 105 125 0 6 15
70 16 26 383 183 105 125 0 6 15 607
16 26 383 183 105 125 0 6 15 607 325
26 383 183 105 125 0 6 15 607 325 6
383 183 105 125 0 6 15 607 325 6 15
183 105 125 0 6 15 607 325 6 15 45
105 125 0 6 15 607 325 6 15 45 607
125 0 6 15 607 325 6 15 45 607 746
0 6 15 607 325 6 15 45 607 746 1
6 15 607 325 6 15 45 607 746 1 16457
15 607 325 6 15 45 607 746 1 16457 16457
607 325 6 15 45 607 746 1 16457 16457 16457
325 6 15 45 607 746 1 16457 16457 16457 16457
6 15 45 607 746 1 16457 16457 16457 16457 16457
16457 16457 16457 16457 16457 157 18 165 1171 14 125
16457 16457 16457 16457 157 18 165 1171 14 125 3281
16457 16457 16457 157 18 165 1171 14 125 3281 2589
16457 16457 157 18 165 1171 14 125 3281 2589 26
16457 157 18 165 1171 14 125 3281 2589 26 1
157 18 165 1171 14 125 3281 2589 26 1 16457
18 165 1171 14 125 3281 2589 26 1 16457 16457
165 1171 14 125 3281 2589 26 1 16457 16457 16457
1171 14 125 3281 2589 26 1 16457 16457 16457 16457
14 125 3281 2589 26 1 16457 16457 16457 16457 16457
16457 16457 16457 16457 16457 13 1198 1421 1553 755 39
16457 16457 16457 16457 13 1198 1421 1553 755 39 75
16457 16457 16457 13 1198 1421 1553 755 39 75 1797
16457 16457 13 1198 1421 1553 755 39 75 1797 213
16457 13 1198 1421 1553 755 39 75 1797 213 390
13 1198 1421 1553 755 39 75 1797 213 390 32
1198 1421 1553 755 39 75 1797 213 390 32 1331
1421 1553 755 39 75 1797 213 390 32 1331 0
1553 755 39 75 1797 213 390 32 1331 0 249
755 39 75 1797 213 390 32 1331 0 249 1449
39 75 1797 213 390 32 1331 0 249 1449 3120
75 1797 213 390 32 1331 0 249 1449 3120 1
1797 213 390 32 1331 0 249 1449 3120 1 16457
213 390 32 1331 0 249 1449 3120 1 16457 16457
390 32 1331 0 249 1449 3120 1 16457 16457 16457
32 1331 0 249 1449 3120 1 16457 16457 16457 16457
1331 0 249 1449 3120 1 16457 16457 16457 16457 16457
16457 16457 16457 16457 16457 26 31 191 26 354 22
16457 16457 16457 16457 26 31 191 26 354 22 6
16457 16457 16457 26 31 191 26 354 22 6 34
16457 16457 26 31 191 26 354 22 6 34 58
16457 26 31 191 26 354 22 6 34 58 584
26 31 191 26 354 22 6 34 58 584 151
31 191 26 354 22 6 34 58 584 151 1
191 26 354 22 6 34 58 584 151 1 16457
26 354 22 6 34 58 584 151 1 16457 16457
354 22 6 34 58 584 151 1 16457 16457 16457
22 6 34 58 584 151 1 16457 16457 16457 16457
6 34 58 584 151 1 16457 16457 16457 16457 16457
16457 16457 16457 16457 16457 12860 178 0 571 0 874
16457 16457 16457 16457 12860 178 0 571 0 874 0
16457 16457 16457 12860 178 0 571 0 874 0 168
16457 16457 12860 178 0 571 0 874 0 168 85
16457 12860 178 0 571 0 874 0 168 85 1437
12860 178 0 571 0 874 0 168 85 1437 538
178 0 571 0 874 0 168 85 1437 538 4
0 571 0 874 0 168 85 1437 538 4 279
571 0 874 0 168 85 1437 538 4 279 4828
0 874 0 168 85 1437 538 4 279 4828 64
874 0 168 85 1437 538 4 279 4828 64 191
0 168 85 1437 538 4 279 4828 64 191 156
168 85 1437 538 4 279 4828 64 191 156 25
85 1437 538 4 279 4828 64 191 156 25 459
1437 538 4 279 4828 64 191 156 25 459 6
538 4 279 4828 64 191 156 25 459 6 354
4 279 4828 64 191 156 25 459 6 354 22
279 4828 64 191 156 25 459 6 354 22 1
4828 64 191 156 25 459 6 354 22 1 16457
64 191 156 25 459 6 354 22 1 16457 16457
191 156 25 459 6 354 22 1 16457 16457 16457
156 25 459 6 354 22 1 16457 16457 16457 16457
25 459 6 354 22 1 16457 16457 16457 16457 16457
16457 16457 16457 16457 16457 709 46 23 28 188 43
16457 16457 16457 16457 709 46 23 28 188 43 3596
16457 16457 16457 709 46 23 28 188 43 3596 0
16457 16457 709 46 23 28 188 43 3596 0 1136
16457 709 46 23 28 188 43 3596 0 1136 0
709 46 23 28 188 43 3596 0 1136 0 7
46 23 28 188 43 3596 0 1136 0 7 1738
23 28 188 43 3596 0 1136 0 7 1738 0
28 188 43 3596 0 1136 0 7 1738 0 659
188 43 3596 0 1136 0 7 1738 0 659 3210
43 3596 0 1136 0 7 1738 0 659 3210 0
3596 0 1136 0 7 1738 0 659 3210 0 23
0 1136 0 7 1738 0 659 3210 0 23 1984
1136 0 7 1738 0 659 3210 0 23 1984 129
0 7 1738 0 659 3210 0 23 1984 129 102
7 1738 0 659 3210 0 23 1984 129 102 31
1738 0 659 3210 0 23 1984 129 102 31 970
0 659 3210 0 23 1984 129 102 31 970 6
659 3210 0 23 1984 129 102 31 970 6 3889
3210 0 23 1984 129 102 31 970 6 3889 17
0 23 1984 129 102 31 970 6 3889 17 26
23 1984 129 102 31 970 6 3889 17 26 12857
1984 129 102 31 970 6 3889 17 26 12857 26
129 102 31 970 6 3889 17 26 12857 26 535
102 31 970 6 3889 17 26 12857 26 535 208
31 970 6 3889 17 26 12857 26 535 208 1
970 6 3889 17 26 12857 26 535 208 1 16457
6 3889 17 26 12857 26 535 208 1 16457 16457
3889 17 26 12857 26 535 208 1 16457 16457 16457
17 26 12857 26 535 208 1 16457 16457 16457 16457
26 12857 26 535 208 1 16457 16457 16457 16457 16457
16457 16457 16457 16457 16457 51 23 994 71 260 4
16457 16457 16457 16457 51 23 994 71 260 4 26
16457 16457 16457 51 23 994 71 260 4 26 12857
16457 16457 51 23 994 71 260 4 26 12857 26
16457 51 23 994 71 260 4 26 12857 26 236
51 23 994 71 260 4 26 12857 26 236 11
23 994 71 260 4 26 12857 26 236 11 52
994 71 260 4 26 12857 26 236 11 52 12698
71 260 4 26 12857 26 236 11 52 12698 0
260 4 26 12857 26 236 11 52 12698 0 336
4 26 12857 26 236 11 52 12698 0 336 257
26 12857 26 236 11 52 12698 0 336 257 3121
12857 26 236 11 52 12698 0 336 257 3121 11526
26 236 11 52 12698 0 336 257 3121 11526 5867
236 11 52 12698 0 336 257 3121 11526 5867 279
11 52 12698 0 336 257 3121 11526 5867 279 1
52 12698 0 336 257 3121 11526 5867 279 1 319
12698 0 336 257 3121 11526 5867 279 1 319 0
0 336 257 3121 11526 5867 279 1 319 0 6545
336 257 3121 11526 5867 279 1 319 0 6545 1017
257 3121 11526 5867 279 1 319 0 6545 1017 1
3121 11526 5867 279 1 319 0 6545 1017 1 16457
11526 5867 279 1 319 0 6545 1017 1 16457 16457
5867 279 1 319 0 6545 1017 1 16457 16457 16457
279 1 319 0 6545 1017 1 16457 16457 16457 16457
1 319 0 6545 1017 1 16457 16457 16457 16457 16457
16457 16457 16457 16457 16457 39 626 12861 11 695 595
16457 16457 16457 16457 39 626 12861 11 695 595 955
16457 16457 16457 39 626 12861 11 695 595 955 3625
16457 16457 39 626 12861 11 695 595 955 3625 1134
16457 39 626 12861 11 695 595 955 3625 1134 279
39 626 12861 11 695 595 955 3625 1134 279 1
626 12861 11 695 595 955 3625 1134 279 1 319
12861 11 695 595 955 3625 1134 279 1 319 11
11 695 595 955 3625 1134 279 1 319 11 4003
695 595 955 3625 1134 279 1 319 11 4003 5933
595 955 3625 1134 279 1 319 11 4003 5933 58
955 3625 1134 279 1 319 11 4003 5933 58 143
3625 1134 279 1 319 11 4003 5933 58 143 14
1134 279 1 319 11 4003 5933 58 143 14 12246
279 1 319 11 4003 5933 58 143 14 12246 0
1 319 11 4003 5933 58 143 14 12246 0 823
319 11 4003 5933 58 143 14 12246 0 823 14
11 4003 5933 58 143 14 12246 0 823 14 12862
4003 5933 58 143 14 12246 0 823 14 12862 2
5933 58 143 14 12246 0 823 14 12862 2 17
58 143 14 12246 0 823 14 12862 2 17 15
143 14 12246 0 823 14 12862 2 17 15 581
14 12246 0 823 14 12862 2 17 15 581 1676
12246 0 823 14 12862 2 17 15 581 1676 9
0 823 14 12862 2 17 15 581 1676 9 2403
823 14 12862 2 17 15 581 1676 9 2403 2188
14 12862 2 17 15 581 1676 9 2403 2188 0
12862 2 17 15 581 1676 9 2403 2188 0 1282
2 17 15 581 1676 9 2403 2188 0 1282 2209
17 15 581 1676 9 2403 2188 0 1282 2209 1
15 581 1676 9 2403 2188 0 1282 2209 1 16457
581 1676 9 2403 2188 0 1282 2209 1 16457 16457
1676 9 2403 2188 0 1282 2209 1 16457 16457 16457
9 2403 2188 0 1282 2209 1 16457 16457 16457 16457
2403 2188 0 1282 2209 1 16457 16457 16457 16457 16457
16457 16457 16457 16457 16457 48 3225 29 12 143 0
16457 16457 16457 16457 48 3225 29 12 143 0 654
16457 16457 16457 48 3225 29 12 143 0 654 2228
16457 16457 48 3225 29 12 143 0 654 2228 1421
16457 48 3225 29 12 143 0 654 2228 1421 3
48 3225 29 12 143 0 654 2228 1421 3 3120
3225 29 12 143 0 654 2228 1421 3 3120 29
29 12 143 0 654 2228 1421 3 3120 29 26
12 143 0 654 2228 1421 3 3120 29 26 7060
143 0 654 2228 1421 3 3120 29 26 7060 26
0 654 2228 1421 3 3120 29 26 7060 26 164
654 2228 1421 3 3120 29 26 7060 26 164 0
2228 1421 3 3120 29 26 7060 26 164 0 390
1421 3 3120 29 26 7060 26 164 0 390 24
3 3120 29 26 7060 26 164 0 390 24 403
3120 29 26 7060 26 164 0 390 24 403 4720
29 26 7060 26 164 0 390 24 403 4720 2870
26 7060 26 164 0 390 24 403 4720 2870 3527
7060 26 164 0 390 24 403 4720 2870 3527 1
26 164 0 390 24 403 4720 2870 3527 1 16457
164 0 390 24 403 4720 2870 3527 1 16457 16457
0 390 24 403 4720 2870 3527 1 16457 16457 16457
390 24 403 4720 2870 3527 1 16457 16457 16457 16457
24 403 4720 2870 3527 1 16457 16457 16457 16457 16457
16457 16457 16457 16457 16457 998 11558 6794 152 15 0
16457 16457 16457 16457 998 11558 6794 152 15 0 11558
16457 16457 16457 998 11558 6794 152 15 0 11558 1648
16457 16457 998 11558 6794 152 15 0 11558 1648 66
16457 998 11558 6794 152 15 0 11558 1648 66 119
998 11558 6794 152 15 0 11558 1648 66 119 4003
11558 6794 152 15 0 11558 1648 66 119 4003 5933
6794 152 15 0 11558 1648 66 119 4003 5933 1396
152 15 0 11558 1648 66 119 4003 5933 1396 0
15 0 11558 1648 66 119 4003 5933 1396 0 15
0 11558 1648 66 119 4003 5933 1396 0 15 807
11558 1648 66 119 4003 5933 1396 0 15 807 62
1648 66 119 4003 5933 1396 0 15 807 62 1942
66 119 4003 5933 1396 0 15 807 62 1942 34
119 4003 5933 1396 0 15 807 62 1942 34 70
4003 5933 1396 0 15 807 62 1942 34 70 306
5933 1396 0 15 807 62 1942 34 70 306 83
1396 0 15 807 62 1942 34 70 306 83 581
0 15 807 62 1942 34 70 306 83 581 1676
15 807 62 1942 34 70 306 83 581 1676 2403
807 62 1942 34 70 306 83 581 1676 2403 2188
62 1942 34 70 306 83 581 1676 2403 2188 0
1942 34 70 306 83 581 1676 2403 2188 0 2209
34 70 306 83 581 1676 2403 2188 0 2209 1942
70 306 83 581 1676 2403 2188 0 2209 1942 70
306 83 581 1676 2403 2188 0 2209 1942 70 306
83 581 1676 2403 2188 0 2209 1942 70 306 4
581 1676 2403 2188 0 2209 1942 70 306 4 8
1676 2403 2188 0 2209 1942 70 306 4 8 83
2403 2188 0 2209 1942 70 306 4 8 83 2027
2188 0 2209 1942 70 306 4 8 83 2027 12
0 2209 1942 70 306 4 8 83 2027 12 119
2209 1942 70 306 4 8 83 2027 12 119 70
1942 70 306 4 8 83 2027 12 119 70 74
70 306 4 8 83 2027 12 119 70 74 70
306 4 8 83 2027 12 119 70 74 70 1314
4 8 83 2027 12 119 70 74 70 1314 1
8 83 2027 12 119 70 74 70 1314 1 16457
83 2027 12 119 70 74 70 1314 1 16457 16457
2027 12 119 70 74 70 1314 1 16457 16457 16457
12 119 70 74 70 1314 1 16457 16457 16457 16457
119 70 74 70 1314 1 16457 16457 16457 16457 16457
16457 16457 16457 16457 16457 143 64 69 24 626 18
16457 16457 16457 16457 143 64 69 24 626 18 8
16457 16457 16457 143 64 69 24 626 18 8 913
16457 16457 143 64 69 24 626 18 8 913 0
16457 143 64 69 24 626 18 8 913 0 888
143 64 69 24 626 18 8 913 0 888 1
64 69 24 626 18 8 913 0 888 1 16457
69 24 626 18 8 913 0 888 1 16457 16457
24 626 18 8 913 0 888 1 16457 16457 16457
626 18 8 913 0 888 1 16457 16457 16457 16457
18 8 913 0 888 1 16457 16457 16457 16457 16457
16457 16457 16457 16457 16457 52 4 15 26 12863 26
16457 16457 16457 16457 52 4 15 26 12863 26 38
16457 16457 16457 52 4 15 26 12863 26 38 160
16457 16457 52 4 15 26 12863 26 38 160 354
16457 52 4 15 26 12863 26 38 160 354 9645
52 4 15 26 12863 26 38 160 354 9645 22
4 15 26 12863 26 38 160 354 9645 22 34
15 26 12863 26 38 160 354 9645 22 34 70
26 12863 26 38 160 354 9645 22 34 70 11
12863 26 38 160 354 9645 22 34 70 11 70
26 38 160 354 9645 22 34 70 11 70 33
38 160 354 9645 22 34 70 11 70 33 61
160 354 9645 22 34 70 11 70 33 61 0
354 9645 22 34 70 11 70 33 61 0 41
9645 22 34 70 11 70 33 61 0 41 17
22 34 70 11 70 33 61 0 41 17 560
34 70 11 70 33 61 0 41 17 560 317
70 11 70 33 61 0 41 17 560 317 483
11 70 33 61 0 41 17 560 317 483 2
70 33 61 0 41 17 560 317 483 2 26
33 61 0 41 17 560 317 483 2 26 93
61 0 41 17 560 317 483 2 26 93 58
0 41 17 560 317 483 2 26 93 58 98
41 17 560 317 483 2 26 93 58 98 23
17 560 317 483 2 26 93 58 98 23 994
560 317 483 2 26 93 58 98 23 994 26
317 483 2 26 93 58 98 23 994 26 1
483 2 26 93 58 98 23 994 26 1 16457
2 26 93 58 98 23 994 26 1 16457 16457
26 93 58 98 23 994 26 1 16457 16457 16457
93 58 98 23 994 26 1 16457 16457 16457 16457
58 98 23 994 26 1 16457 16457 16457 16457 16457
16457 16457 16457 16457 16457 12864 12 280 84 21 30
16457 16457 16457 16457 12864 12 280 84 21 30 1112
16457 16457 16457 12864 12 280 84 21 30 1112 4003
16457 16457 12864 12 280 84 21 30 1112 4003 62
16457 12864 12 280 84 21 30 1112 4003 62 322
12864 12 280 84 21 30 1112 4003 62 322 14
12 280 84 21 30 1112 4003 62 322 14 156
280 84 21 30 1112 4003 62 322 14 156 15
84 21 30 1112 4003 62 322 14 156 15 323
21 30 1112 4003 62 322 14 156 15 323 601
30 1112 4003 62 322 14 156 15 323 601 7
1112 4003 62 322 14 156 15 323 601 7 441
4003 62 322 14 156 15 323 601 7 441 1
62 322 14 156 15 323 601 7 441 1 16457
322 14 156 15 323 601 7 441 1 16457 16457
14 156 15 323 601 7 441 1 16457 16457 16457
156 15 323 601 7 441 1 16457 16457 16457 16457
15 323 601 7 441 1 16457 16457 16457 16457 16457
16457 16457 16457 16457 16457 168 21 6 166 27 144
16457 16457 16457 16457 168 21 6 166 27 144 12636
16457 16457 16457 168 21 6 166 27 144 12636 29
16457 16457 168 21 6 166 27 144 12636 29 145
16457 168 21 6 166 27 144 12636 29 145 4003
168 21 6 166 27 144 12636 29 145 4003 5933
21 6 166 27 144 12636 29 145 4003 5933 38
6 166 27 144 12636 29 145 4003 5933 38 177
166 27 144 12636 29 145 4003 5933 38 177 0
27 144 12636 29 145 4003 5933 38 177 0 52
144 12636 29 145 4003 5933 38 177 0 52 10
12636 29 145 4003 5933 38 177 0 52 10 866
29 145 4003 5933 38 177 0 52 10 866 2
145 4003 5933 38 177 0 52 10 866 2 982
4003 5933 38 177 0 52 10 866 2 982 26
5933 38 177 0 52 10 866 2 982 26 12857
38 177 0 52 10 866 2 982 26 12857 26
177 0 52 10 866 2 982 26 12857 26 236
0 52 10 866 2 982 26 12857 26 236 3
52 10 866 2 982 26 12857 26 236 3 279
10 866 2 982 26 12857 26 236 3 279 22
866 2 982 26 12857 26 236 3 279 22 1
2 982 26 12857 26 236 3 279 22 1 16457
982 26 12857 26 236 3 279 22 1 16457 16457
26 12857 26 236 3 279 22 1 16457 16457 16457
12857 26 236 3 279 22 1 16457 16457 16457 16457
26 236 3 279 22 1 16457 16457 16457 16457 16457
16457 16457 16457 16457 16457 239 26 12857 26 23 298
16457 16457 16457 16457 239 26 12857 26 23 298 6340
16457 16457 16457 239 26 12857 26 23 298 6340 3660
16457 16457 239 26 12857 26 23 298 6340 3660 62
16457 239 26 12857 26 23 298 6340 3660 62 6
239 26 12857 26 23 298 6340 3660 62 6 75
26 12857 26 23 298 6340 3660 62 6 75 243
12857 26 23 298 6340 3660 62 6 75 243 20
26 23 298 6340 3660 62 6 75 243 20 13
23 298 6340 3660 62 6 75 243 20 13 243
298 6340 3660 62 6 75 243 20 13 243 322
6340 3660 62 6 75 243 20 13 243 322 346
3660 62 6 75 243 20 13 243 322 346 14
62 6 75 243 20 13 243 322 346 14 328
6 75 243 20 13 243 322 346 14 328 19
75 243 20 13 243 322 346 14 328 19 9
243 20 13 243 322 346 14 328 19 9 137
20 13 243 322 346 14 328 19 9 137 70
13 243 322 346 14 328 19 9 137 70 1114
243 322 346 14 328 19 9 137 70 1114 1
322 346 14 328 19 9 137 70 1114 1 16457
346 14 328 19 9 137 70 1114 1 16457 16457
14 328 19 9 137 70 1114 1 16457 16457 16457
328 19 9 137 70 1114 1 16457 16457 16457 16457
19 9 137 70 1114 1 16457 16457 16457 16457 16457
16457 16457 16457 16457 16457 13 2375 1942 20 70 11
16457 16457 16457 16457 13 2375 1942 20 70 11 70
16457 16457 16457 13 2375 1942 20 70 11 70 306
16457 16457 13 2375 1942 20 70 11 70 306 19
16457 13 2375 1942 20 70 11 70 306 19 0
13 2375 1942 20 70 11 70 306 19 0 808
2375 1942 20 70 11 70 306 19 0 808 1702
1942 20 70 11 70 306 19 0 808 1702 68
20 70 11 70 306 19 0 808 1702 68 2324
70 11 70 306 19 0 808 1702 68 2324 11871
11 70 306 19 0 808 1702 68 2324 11871 6
70 306 19 0 808 1702 68 2324 11871 6 87
306 19 0 808 1702 68 2324 11871 6 87 70
19 0 808 1702 68 2324 11871 6 87 70 79
0 808 1702 68 2324 11871 6 87 70 79 20
808 1702 68 2324 11871 6 87 70 79 20 97
1702 68 2324 11871 6 87 70 79 20 97 385
68 2324 11871 6 87 70 79 20 97 385 10
2324 11871 6 87 70 79 20 97 385 10 6
11871 6 87 70 79 20 97 385 10 6 1067
6 87 70 79 20 97 385 10 6 1067 1942
87 70 79 20 97 385 10 6 1067 1942 8
70 79 20 97 385 10 6 1067 1942 8 148
79 20 97 385 10 6 1067 1942 8 148 70
20 97 385 10 6 1067 1942 8 148 70 79
97 385 10 6 1067 1942 8 148 70 79 19
385 10 6 1067 1942 8 148 70 79 19 1
10 6 1067 1942 8 148 70 79 19 1 16457
6 1067 1942 8 148 70 79 19 1 16457 16457
1067 1942 8 148 70 79 19 1 16457 16457 16457
1942 8 148 70 79 19 1 16457 16457 16457 16457
8 148 70 79 19 1 16457 16457 16457 16457 16457
16457 16457 16457 16457 16457 4003 70 1 16457 16457 16457
16457 16457 16457 16457 4003 70 1 16457 16457 16457 16457
16457 16457 16457 4003 70 1 16457 16457 16457 16457 16457
16457 16457 16457 16457 16457 2827 2249 82 529 71 0
16457 16457 16457 16457 2827 2249 82 529 71 0 23
16457 16457 16457 2827 2249 82 529 71 0 23 279
16457 16457 2827 2249 82 529 71 0 23 279 1
16457 2827 2249 82 529 71 0 23 279 1 319
2827 2249 82 529 71 0 23 279 1 319 2
2249 82 529 71 0 23 279 1 319 2 150
82 529 71 0 23 279 1 319 2 150 63
529 71 0 23 279 1 319 2 150 63 5155
71 0 23 279 1 319 2 150 63 5155 2083
0 23 279 1 319 2 150 63 5155 2083 138
23 279 1 319 2 150 63 5155 2083 138 4003
279 1 319 2 150 63 5155 2083 138 4003 828
1 319 2 150 63 5155 2083 138 4003 828 27
319 2 150 63 5155 2083 138 4003 828 27 78
2 150 63 5155 2083 138 4003 828 27 78 1942
150 63 5155 2083 138 4003 828 27 78 1942 1
63 5155 2083 138 4003 828 27 78 1942 1 16457
5155 2083 138 4003 828 27 78 1942 1 16457 16457
2083 138 4003 828 27 78 1942 1 16457 16457 16457
138 4003 828 27 78 1942 1 16457 16457 16457 16457
4003 828 27 78 1942 1 16457 16457 16457 16457 16457
16457 16457 16457 16457 16457 35 279 1 319 239 6
16457 16457 16457 16457 35 279 1 319 239 6 137
16457 16457 16457 35 279 1 319 239 6 137 70
16457 16457 35 279 1 319 239 6 137 70 144
16457 35 279 1 319 239 6 137 70 144 274
35 279 1 319 239 6 137 70 144 274 4003
279 1 319 239 6 137 70 144 274 4003 48
1 319 239 6 137 70 144 274 4003 48 2350
319 239 6 137 70 144 274 4003 48 2350 45
239 6 137 70 144 274 4003 48 2350 45 535
6 137 70 144 274 4003 48 2350 45 535 978
137 70 144 274 4003 48 2350 45 535 978 2
70 144 274 4003 48 2350 45 535 978 2 602
144 274 4003 48 2350 45 535 978 2 602 0
274 4003 48 2350 45 535 978 2 602 0 105
4003 48 2350 45 535 978 2 602 0 105 6
48 2350 45 535 978 2 602 0 105 6 160
2350 45 535 978 2 602 0 105 6 160 322
45 535 978 2 602 0 105 6 160 322 14
535 978 2 602 0 105 6 160 322 14 4747
978 2 602 0 105 6 160 322 14 4747 1
2 602 0 105 6 160 322 14 4747 1 16457
602 0 105 6 160 322 14 4747 1 16457 16457
0 105 6 160 322 14 4747 1 16457 16457 16457
105 6 160 322 14 4747 1 16457 16457 16457 16457
6 160 322 14 4747 1 16457 16457 16457 16457 16457
16457 16457 16457 16457 16457 82 70 11 70 0 144
16457 16457 16457 16457 82 70 11 70 0 144 1461
16457 16457 16457 82 70 11 70 0 144 1461 12636
16457 16457 82 70 11 70 0 144 1461 12636 1849
16457 82 70 11 70 0 144 1461 12636 1849 0
82 70 11 70 0 144 1461 12636 1849 0 444
70 11 70 0 144 1461 12636 1849 0 444 1469
11 70 0 144 1461 12636 1849 0 444 1469 289
70 0 144 1461 12636 1849 0 444 1469 289 1042
0 144 1461 12636 1849 0 444 1469 289 1042 4
144 1461 12636 1849 0 444 1469 289 1042 4 4003
1461 12636 1849 0 444 1469 289 1042 4 4003 70
12636 1849 0 444 1469 289 1042 4 4003 70 20
1849 0 444 1469 289 1042 4 4003 70 20 92
0 444 1469 289 1042 4 4003 70 20 92 1073
444 1469 289 1042 4 4003 70 20 92 1073 12346
1469 289 1042 4 4003 70 20 92 1073 12346 2
289 1042 4 4003 70 20 92 1073 12346 2 11277
1042 4 4003 70 20 92 1073 12346 2 11277 1784
4 4003 70 20 92 1073 12346 2 11277 1784 2831
4003 70 20 92 1073 12346 2 11277 1784 2831 12865
70 20 92 1073 12346 2 11277 1784 2831 12865 942
20 92 1073 12346 2 11277 1784 2831 12865 942 274
92 1073 12346 2 11277 1784 2831 12865 942 274 4003
1073 12346 2 11277 1784 2831 12865 942 274 4003 14
12346 2 11277 1784 2831 12865 942 274 4003 14 2113
2 11277 1784 2831 12865 942 274 4003 14 2113 423
11277 1784 2831 12865 942 274 4003 14 2113 423 3309
1784 2831 12865 942 274 4003 14 2113 423 3309 19
2831 12865 942 274 4003 14 2113 423 3309 19 1
12865 942 274 4003 14 2113 423 3309 19 1 16457
942 274 4003 14 2113 423 3309 19 1 16457 16457
274 4003 14 2113 423 3309 19 1 16457 16457 16457
4003 14 2113 423 3309 19 1 16457 16457 16457 16457
14 2113 423 3309 19 1 16457 16457 16457 16457 16457
16457 16457 16457 16457 16457 9 1916 26 109 4003 5933
16457 16457 16457 16457 9 1916 26 109 4003 5933 24
16457 16457 16457 9 1916 26 109 4003 5933 24 152
16457 16457 9 1916 26 109 4003 5933 24 152 78
16457 9 1916 26 109 4003 5933 24 152 78 26
9 1916 26 109 4003 5933 24 152 78 26 0
1916 26 109 4003 5933 24 152 78 26 0 368
26 109 4003 5933 24 152 78 26 0 368 12636
109 4003 5933 24 152 78 26 0 368 12636 55
4003 5933 24 152 78 26 0 368 12636 55 7963
5933 24 152 78 26 0 368 12636 55 7963 179
24 152 78 26 0 368 12636 55 7963 179 3284
152 78 26 0 368 12636 55 7963 179 3284 4003
78 26 0 368 12636 55 7963 179 3284 4003 5933
26 0 368 12636 55 7963 179 3284 4003 5933 14
0 368 12636 55 7963 179 3284 4003 5933 14 208
368 12636 55 7963 179 3284 4003 5933 14 208 6
12636 55 7963 179 3284 4003 5933 14 208 6 541
55 7963 179 3284 4003 5933 14 208 6 541 119
7963 179 3284 4003 5933 14 208 6 541 119 354
179 3284 4003 5933 14 208 6 541 119 354 22
3284 4003 5933 14 208 6 541 119 354 22 35
4003 5933 14 208 6 541 119 354 22 35 78
5933 14 208 6 541 119 354 22 35 78 0
14 208 6 541 119 354 22 35 78 0 311
208 6 541 119 354 22 35 78 0 311 10
6 541 119 354 22 35 78 0 311 10 108
541 119 354 22 35 78 0 311 10 108 72
119 354 22 35 78 0 311 10 108 72 70
354 22 35 78 0 311 10 108 72 70 385
22 35 78 0 311 10 108 72 70 385 62
35 78 0 311 10 108 72 70 385 62 41
78 0 311 10 108 72 70 385 62 41 13
0 311 10 108 72 70 385 62 41 13 33
311 10 108 72 70 385 62 41 13 33 164
10 108 72 70 385 62 41 13 33 164 1
108 72 70 385 62 41 13 33 164 1 16457
72 70 385 62 41 13 33 164 1 16457 16457
70 385 62 41 13 33 164 1 16457 16457 16457
385 62 41 13 33 164 1 16457 16457 16457 16457
62 41 13 33 164 1 16457 16457 16457 16457 16457
16457 16457 16457 16457 16457 87 4003 70 2253 875 0
16457 16457 16457 16457 87 4003 70 2253 875 0 70
16457 16457 16457 87 4003 70 2253 875 0 70 1406
16457 16457 87 4003 70 2253 875 0 70 1406 2470
16457 87 4003 70 2253 875 0 70 1406 2470 20
87 4003 70 2253 875 0 70 1406 2470 20 12866
4003 70 2253 875 0 70 1406 2470 20 12866 70
70 2253 875 0 70 1406 2470 20 12866 70 1406
2253 875 0 70 1406 2470 20 12866 70 1406 4003
875 0 70 1406 2470 20 12866 70 1406 4003 19
0 70 1406 2470 20 12866 70 1406 4003 19 87
70 1406 2470 20 12866 70 1406 4003 19 87 70
1406 2470 20 12866 70 1406 4003 19 87 70 79
2470 20 12866 70 1406 4003 19 87 70 79 0
20 12866 70 1406 4003 19 87 70 79 0 70
12866 70 1406 4003 19 87 70 79 0 70 1406
70 1406 4003 19 87 70 79 0 70 1406 2470
1406 4003 19 87 70 79 0 70 1406 2470 16
4003 19 87 70 79 0 70 1406 2470 16 70
19 87 70 79 0 70 1406 2470 16 70 79
87 70 79 0 70 1406 2470 16 70 79 0
70 79 0 70 1406 2470 16 70 79 0 70
79 0 70 1406 2470 16 70 79 0 70 1406
0 70 1406 2470 16 70 79 0 70 1406 2470
70 1406 2470 16 70 79 0 70 1406 2470 16
1406 2470 16 70 79 0 70 1406 2470 16 70
2470 16 70 79 0 70 1406 2470 16 70 79
16 70 79 0 70 1406 2470 16 70 79 20
70 79 0 70 1406 2470 16 70 79 20 1112
79 0 70 1406 2470 16 70 79 20 1112 714
0 70 1406 2470 16 70 79 20 1112 714 57
70 1406 2470 16 70 79 20 1112 714 57 675
1406 2470 16 70 79 20 1112 714 57 675 135
2470 16 70 79 20 1112 714 57 675 135 138
16 70 79 20 1112 714 57 675 135 138 1182
70 79 20 1112 714 57 675 135 138 1182 9
79 20 1112 714 57 675 135 138 1182 9 87
20 1112 714 57 675 135 138 1182 9 87 70
1112 714 57 675 135 138 1182 9 87 70 11
714 57 675 135 138 1182 9 87 70 11 70
57 675 135 138 1182 9 87 70 11 70 110
675 135 138 1182 9 87 70 11 70 110 79
135 138 1182 9 87 70 11 70 110 79 19
138 1182 9 87 70 11 70 110 79 19 1
1182 9 87 70 11 70 110 79 19 1 16457
9 87 70 11 70 110 79 19 1 16457 16457
87 70 11 70 110 79 19 1 16457 16457 16457
70 11 70 110 79 19 1 16457 16457 16457 16457
11 70 110 79 19 1 16457 16457 16457 16457 16457
16457 16457 16457 16457 16457 17 1112 213 49 34 70
16457 16457 16457 16457 17 1112 213 49 34 70 11
16457 16457 16457 17 1112 213 49 34 70 11 70
16457 16457 17 1112 213 49 34 70 11 70 11
16457 17 1112 213 49 34 70 11 70 11 70
17 1112 213 49 34 70 11 70 11 70 11
1112 213 49 34 70 11 70 11 70 11 70
213 49 34 70 11 70 11 70 11 70 1406
49 34 70 11 70 11 70 11 70 1406 40
34 70 11 70 11 70 11 70 1406 40 138
70 11 70 11 70 11 70 1406 40 138 194
11 70 11 70 11 70 1406 40 138 194 2644
70 11 70 11 70 1406 40 138 194 2644 101
11 70 11 70 1406 40 138 194 2644 101 20
70 11 70 1406 40 138 194 2644 101 20 502
11 70 1406 40 138 194 2644 101 20 502 6123
70 1406 40 138 194 2644 101 20 502 6123 0
1406 40 138 194 2644 101 20 502 6123 0 1112
40 138 194 2644 101 20 502 6123 0 1112 0
138 194 2644 101 20 502 6123 0 1112 0 1703
194 2644 101 20 502 6123 0 1112 0 1703 0
2644 101 20 502 6123 0 1112 0 1703 0 1415
101 20 502 6123 0 1112 0 1703 0 1415 2507
20 502 6123 0 1112 0 1703 0 1415 2507 19
502 6123 0 1112 0 1703 0 1415 2507 19 9
6123 0 1112 0 1703 0 1415 2507 19 9 87
0 1112 0 1703 0 1415 2507 19 9 87 70
1112 0 1703 0 1415 2507 19 9 87 70 11
0 1703 0 1415 2507 19 9 87 70 11 70
1703 0 1415 2507 19 9 87 70 11 70 202
0 1415 2507 19 9 87 70 11 70 202 20
1415 2507 19 9 87 70 11 70 202 20 3354
2507 19 9 87 70 11 70 202 20 3354 295
19 9 87 70 11 70 202 20 3354 295 54
9 87 70 11 70 202 20 3354 295 54 158
87 70 11 70 202 20 3354 295 54 158 76
70 11 70 202 20 3354 295 54 158 76 2067
11 70 202 20 3354 295 54 158 76 2067 45
70 202 20 3354 295 54 158 76 2067 45 19
202 20 3354 295 54 158 76 2067 45 19 3501
20 3354 295 54 158 76 2067 45 19 3501 21
3354 295 54 158 76 2067 45 19 3501 21 40
295 54 158 76 2067 45 19 3501 21 40 12867
54 158 76 2067 45 19 3501 21 40 12867 129
158 76 2067 45 19 3501 21 40 12867 129 554
76 2067 45 19 3501 21 40 12867 129 554 0
2067 45 19 3501 21 40 12867 129 554 0 158
45 19 3501 21 40 12867 129 554 0 158 39
19 3501 21 40 12867 129 554 0 158 39 59
3501 21 40 12867 129 554 0 158 39 59 450
21 40 12867 129 554 0 158 39 59 450 156
40 12867 129 554 0 158 39 59 450 156 16457
12867 129 554 0 158 39 59 450 156 16457 16457
129 554 0 158 39 59 450 156 16457 16457 16457
554 0 158 39 59 450 156 16457 16457 16457 16457
0 158 39 59 450 156 16457 16457 16457 16457 16457
16457 16457 16457 16457 16457 1171 13 95 1942 70 306
16457 16457 16457 16457 1171 13 95 1942 70 306 295
16457 16457 16457 1171 13 95 1942 70 306 295 137
16457 16457 1171 13 95 1942 70 306 295 137 70
16457 1171 13 95 1942 70 306 295 137 70 1406
1171 13 95 1942 70 306 295 137 70 1406 105
13 95 1942 70 306 295 137 70 1406 105 24
95 1942 70 306 295 137 70 1406 105 24 70
1942 70 306 295 137 70 1406 105 24 70 79
70 306 295 137 70 1406 105 24 70 79 1
306 295 137 70 1406 105 24 70 79 1 16457
295 137 70 1406 105 24 70 79 1 16457 16457
137 70 1406 105 24 70 79 1 16457 16457 16457
70 1406 105 24 70 79 1 16457 16457 16457 16457
1406 105 24 70 79 1 16457 16457 16457 16457 16457
16457 16457 16457 16457 16457 26 12868 47 50 9572 0
16457 16457 16457 16457 26 12868 47 50 9572 0 171
16457 16457 16457 26 12868 47 50 9572 0 171 95
16457 16457 26 12868 47 50 9572 0 171 95 72
16457 26 12868 47 50 9572 0 171 95 72 1176
26 12868 47 50 9572 0 171 95 72 1176 2608
12868 47 50 9572 0 171 95 72 1176 2608 441
47 50 9572 0 171 95 72 1176 2608 441 1257
50 9572 0 171 95 72 1176 2608 441 1257 25
9572 0 171 95 72 1176 2608 441 1257 25 62
0 171 95 72 1176 2608 441 1257 25 62 14
171 95 72 1176 2608 441 1257 25 62 14 1942
95 72 1176 2608 441 1257 25 62 14 1942 4003
72 1176 2608 441 1257 25 62 14 1942 4003 421
1176 2608 441 1257 25 62 14 1942 4003 421 5093
2608 441 1257 25 62 14 1942 4003 421 5093 306
441 1257 25 62 14 1942 4003 421 5093 306 151
1257 25 62 14 1942 4003 421 5093 306 151 27
25 62 14 1942 4003 421 5093 306 151 27 1
62 14 1942 4003 421 5093 306 151 27 1 16457
14 1942 4003 421 5093 306 151 27 1 16457 16457
1942 4003 421 5093 306 151 27 1 16457 16457 16457
4003 421 5093 306 151 27 1 16457 16457 16457 16457
421 5093 306 151 27 1 16457 16457 16457 16457 16457
16457 16457 16457 16457 16457 170 866 441 12 8 69
16457 16457 16457 16457 170 866 441 12 8 69 38
16457 16457 16457 170 866 441 12 8 69 38 849
16457 16457 170 866 441 12 8 69 38 849 145
16457 170 866 441 12 8 69 38 849 145 3026
170 866 441 12 8 69 38 849 145 3026 5108
866 441 12 8 69 38 849 145 3026 5108 675
441 12 8 69 38 849 145 3026 5108 675 13
12 8 69 38 849 145 3026 5108 675 13 1112
8 69 38 849 145 3026 5108 675 13 1112 18
69 38 849 145 3026 5108 675 13 1112 18 23
38 849 145 3026 5108 675 13 1112 18 23 78
849 145 3026 5108 675 13 1112 18 23 78 14
145 3026 5108 675 13 1112 18 23 78 14 3446
3026 5108 675 13 1112 18 23 78 14 3446 48
5108 675 13 1112 18 23 78 14 3446 48 12
675 13 1112 18 23 78 14 3446 48 12 2186
13 1112 18 23 78 14 3446 48 12 2186 84
1112 18 23 78 14 3446 48 12 2186 84 493
18 23 78 14 3446 48 12 2186 84 493 112
23 78 14 3446 48 12 2186 84 493 112 91
78 14 3446 48 12 2186 84 493 112 91 1705
14 3446 48 12 2186 84 493 112 91 1705 4003
3446 48 12 2186 84 493 112 91 1705 4003 348
48 12 2186 84 493 112 91 1705 4003 348 1089
12 2186 84 493 112 91 1705 4003 348 1089 1
2186 84 493 112 91 1705 4003 348 1089 1 16457
84 493 112 91 1705 4003 348 1089 1 16457 16457
493 112 91 1705 4003 348 1089 1 16457 16457 16457
112 91 1705 4003 348 1089 1 16457 16457 16457 16457
91 1705 4003 348 1089 1 16457 16457 16457 16457 16457
16457 16457 16457 16457 16457 954 54 81 0 6 3540
16457 16457 16457 16457 954 54 81 0 6 3540 1986
16457 16457 16457 954 54 81 0 6 3540 1986 0
16457 16457 954 54 81 0 6 3540 1986 0 6
16457 954 54 81 0 6 3540 1986 0 6 188
954 54 81 0 6 3540 1986 0 6 188 2673
54 81 0 6 3540 1986 0 6 188 2673 0
81 0 6 3540 1986 0 6 188 2673 0 1342
0 6 3540 1986 0 6 188 2673 0 1342 69
6 3540 1986 0 6 188 2673 0 1342 69 2186
3540 1986 0 6 188 2673 0 1342 69 2186 49
1986 0 6 188 2673 0 1342 69 2186 49 28
0 6 188 2673 0 1342 69 2186 49 28 26
6 188 2673 0 1342 69 2186 49 28 26 11
188 2673 0 1342 69 2186 49 28 26 11 52
2673 0 1342 69 2186 49 28 26 11 52 12415
0 1342 69 2186 49 28 26 11 52 12415 20
1342 69 2186 49 28 26 11 52 12415 20 3169
69 2186 49 28 26 11 52 12415 20 3169 1
2186 49 28 26 11 52 12415 20 3169 1 4616
49 28 26 11 52 12415 20 3169 1 4616 19
28 26 11 52 12415 20 3169 1 4616 19 14
26 11 52 12415 20 3169 1 4616 19 14 112
11 52 12415 20 3169 1 4616 19 14 112 1
52 12415 20 3169 1 4616 19 14 112 1 16457
12415 20 3169 1 4616 19 14 112 1 16457 16457
20 3169 1 4616 19 14 112 1 16457 16457 16457
3169 1 4616 19 14 112 1 16457 16457 16457 16457
1 4616 19 14 112 1 16457 16457 16457 16457 16457
16457 16457 16457 16457 16457 1570 311 119 4003 368 45
16457 16457 16457 16457 1570 311 119 4003 368 45 12
16457 16457 16457 1570 311 119 4003 368 45 12 850
16457 16457 1570 311 119 4003 368 45 12 850 6
16457 1570 311 119 4003 368 45 12 850 6 3322
1570 311 119 4003 368 45 12 850 6 3322 136
311 119 4003 368 45 12 850 6 3322 136 20
119 4003 368 45 12 850 6 3322 136 20 81
4003 368 45 12 850 6 3322 136 20 81 1182
368 45 12 850 6 3322 136 20 81 1182 9
45 12 850 6 3322 136 20 81 1182 9 2948
12 850 6 3322 136 20 81 1182 9 2948 26
850 6 3322 136 20 81 1182 9 2948 26 62
6 3322 136 20 81 1182 9 2948 26 62 6
3322 136 20 81 1182 9 2948 26 62 6 15
136 20 81 1182 9 2948 26 62 6 15 323
20 81 1182 9 2948 26 62 6 15 323 601
81 1182 9 2948 26 62 6 15 323 601 63
1182 9 2948 26 62 6 15 323 601 63 1942
9 2948 26 62 6 15 323 601 63 1942 4003
2948 26 62 6 15 323 601 63 1942 4003 26
26 62 6 15 323 601 63 1942 4003 26 43
62 6 15 323 601 63 1942 4003 26 43 34
6 15 323 601 63 1942 4003 26 43 34 61
15 323 601 63 1942 4003 26 43 34 61 76
323 601 63 1942 4003 26 43 34 61 76 154
601 63 1942 4003 26 43 34 61 76 154 19
63 1942 4003 26 43 34 61 76 154 19 1
1942 4003 26 43 34 61 76 154 19 1 16457
4003 26 43 34 61 76 154 19 1 16457 16457
26 43 34 61 76 154 19 1 16457 16457 16457
43 34 61 76 154 19 1 16457 16457 16457 16457
34 61 76 154 19 1 16457 16457 16457 16457 16457
16457 16457 16457 16457 16457 41 21 961 159 1112 4003
16457 16457 16457 16457 41 21 961 159 1112 4003 70
16457 16457 16457 41 21 961 159 1112 4003 70 1406
16457 16457 41 21 961 159 1112 4003 70 1406 20
16457 41 21 961 159 1112 4003 70 1406 20 2294
41 21 961 159 1112 4003 70 1406 20 2294 103
21 961 159 1112 4003 70 1406 20 2294 103 64
961 159 1112 4003 70 1406 20 2294 103 64 19
159 1112 4003 70 1406 20 2294 103 64 19 0
1112 4003 70 1406 20 2294 103 64 19 0 157
4003 70 1406 20 2294 103 64 19 0 157 12869
70 1406 20 2294 103 64 19 0 157 12869 20
1406 20 2294 103 64 19 0 157 12869 20 70
20 2294 103 64 19 0 157 12869 20 70 127
2294 103 64 19 0 157 12869 20 70 127 0
103 64 19 0 157 12869 20 70 127 0 23
64 19 0 157 12869 20 70 127 0 23 3169
19 0 157 12869 20 70 127 0 23 3169 1
0 157 12869 20 70 127 0 23 3169 1 3560
157 12869 20 70 127 0 23 3169 1 3560 19
12869 20 70 127 0 23 3169 1 3560 19 14
20 70 127 0 23 3169 1 3560 19 14 112
70 127 0 23 3169 1 3560 19 14 112 16
127 0 23 3169 1 3560 19 14 112 16 26
0 23 3169 1 3560 19 14 112 16 26 976
23 3169 1 3560 19 14 112 16 26 976 245
3169 1 3560 19 14 112 16 26 976 245 132
1 3560 19 14 112 16 26 976 245 132 10
3560 19 14 112 16 26 976 245 132 10 31
19 14 112 16 26 976 245 132 10 31 70
14 112 16 26 976 245 132 10 31 70 0
112 16 26 976 245 132 10 31 70 0 245
16 26 976 245 132 10 31 70 0 245 46
26 976 245 132 10 31 70 0 245 46 7
976 245 132 10 31 70 0 245 46 7 276
245 132 10 31 70 0 245 46 7 276 2747
132 10 31 70 0 245 46 7 276 2747 581
10 31 70 0 245 46 7 276 2747 581 4235
31 70 0 245 46 7 276 2747 581 4235 1942
70 0 245 46 7 276 2747 581 4235 1942 7
0 245 46 7 276 2747 581 4235 1942 7 1421
245 46 7 276 2747 581 4235 1942 7 1421 1996
46 7 276 2747 581 4235 1942 7 1421 1996 0
7 276 2747 581 4235 1942 7 1421 1996 0 51
276 2747 581 4235 1942 7 1421 1996 0 51 47
2747 581 4235 1942 7 1421 1996 0 51 47 2218
581 4235 1942 7 1421 1996 0 51 47 2218 85
4235 1942 7 1421 1996 0 51 47 2218 85 42
1942 7 1421 1996 0 51 47 2218 85 42 177
7 1421 1996 0 51 47 2218 85 42 177 941
1421 1996 0 51 47 2218 85 42 177 941 25
1996 0 51 47 2218 85 42 177 941 25 4235
0 51 47 2218 85 42 177 941 25 4235 1441
51 47 2218 85 42 177 941 25 4235 1441 4
47 2218 85 42 177 941 25 4235 1441 4 2403
2218 85 42 177 941 25 4235 1441 4 2403 2188
85 42 177 941 25 4235 1441 4 2403 2188 1
42 177 941 25 4235 1441 4 2403 2188 1 16457
177 941 25 4235 1441 4 2403 2188 1 16457 16457
941 25 4235 1441 4 2403 2188 1 16457 16457 16457
25 4235 1441 4 2403 2188 1 16457 16457 16457 16457
4235 1441 4 2403 2188 1 16457 16457 16457 16457 16457
16457 16457 16457 16457 16457 171 42 62 26 1942 26
16457 16457 16457 16457 171 42 62 26 1942 26 70
16457 16457 16457 171 42 62 26 1942 26 70 306
16457 16457 171 42 62 26 1942 26 70 306 7
16457 171 42 62 26 1942 26 70 306 7 1023
171 42 62 26 1942 26 70 306 7 1023 1215
42 62 26 1942 26 70 306 7 1023 1215 645
62 26 1942 26 70 306 7 1023 1215 645 0
26 1942 26 70 306 7 1023 1215 645 0 2656
1942 26 70 306 7 1023 1215 645 0 2656 1499
26 70 306 7 1023 1215 645 0 2656 1499 98
70 306 7 1023 1215 645 0 2656 1499 98 28
306 7 1023 1215 645 0 2656 1499 98 28 49
7 1023 1215 645 0 2656 1499 98 28 49 54
1023 1215 645 0 2656 1499 98 28 49 54 14
