39 892 99 4775 31 2646 18 649 115 13 131
292 348 43 11890 0 7869 156 16457 16457 16457 16457
4 27 87 1587 3 2017 70 1 16457 16457 16457
27 87 1587 3 2017 70 1 16457 16457 16457 16457
16457 16457 16457 138 1333 4186 70 0 159 808 1524
16457 16457 138 1333 4186 70 0 159 808 1524 2097
16457 7 21 30 0 2646 6434 70 2148 4604 25
7 21 30 0 2646 6434 70 2148 4604 25 148
16457 16457 16457 1096 3 2646 6434 70 10 8 1103
16457 16457 1096 3 2646 6434 70 10 8 1103 2469
16457 1096 3 2646 6434 70 10 8 1103 2469 72
28 166 1273 27 1086 734 661 39 1 16457 16457
12060 70 57 86 0 12060 70 4 13 7 17
70 57 86 0 12060 70 4 13 7 17 407
32 2646 70 2 734 6757 70 2148 84 91 438
297 1337 570 13690 0 14067 2 13979 29 851 32
40 3751 392 851 120 2646 682 70 1733 24 82
126 499 87 875 939 8470 70 8332 740 682 70
70 5291 1862 73 2646 2713 35 67 16457 16457 16457
3514 5942 0 7 21 2646 3 1223 77 55 3356
16457 122 84 383 0 10434 8 193 4 120 429
53 6 85 734 2 5665 4 12 850 292 9309
16457 16457 16457 3536 2405 4864 13690 70 1733 3 13691
16457 16457 3536 2405 4864 13690 70 1733 3 13691 77
16457 16457 16457 460 1407 8470 9913 122 344 0 1337
16457 16457 460 1407 8470 9913 122 344 0 1337 570
189 5 1337 10 2416 10666 34 61 7 394 1337
16457 16457 16457 16457 14150 5465 70 1733 122 344 844
65 2862 3 5003 0 8503 70 51 8 740 126
2862 3 5003 0 8503 70 51 8 740 126 654
521 3 1223 116 200 734 1227 352 31 1491 521
734 3696 2 185 4 734 70 2624 132 221 40
3696 2 185 4 734 70 2624 132 221 40 403
2 185 4 734 70 2624 132 221 40 403 223
16457 16457 12982 4 763 11923 70 8 740 682 12419
16457 12982 4 763 11923 70 8 740 682 12419 4292
133 0 6266 70 102 6266 70 0 54 71 132
19 0 7 21 120 2646 6428 43 2646 2713 25
30 4 734 6757 2 2646 70 1 16457 16457 16457
2561 1117 31 8277 2 8277 2624 1901 4 70 3908
1117 31 8277 2 8277 2624 1901 4 70 3908 2
16457 16457 177 38 0 4091 11078 2 10949 51 8
16457 177 38 0 4091 11078 2 10949 51 8 2421
162 469 1557 237 0 4186 70 4 13 3132 12
469 1557 237 0 4186 70 4 13 3132 12 5785
16457 16457 13771 1127 3 12746 11861 4 2405 4305 325
16457 13771 1127 3 12746 11861 4 2405 4305 325 9
8 12716 11789 19 0 4944 3647 139 1403 6957 241
12716 11789 19 0 4944 3647 139 1403 6957 241 1263
16457 126 17 294 27 3459 8846 16 3459 8846 1161
126 17 294 27 3459 8846 16 3459 8846 1161 107
16457 16457 16457 16457 16457 2646 3959 682 70 1733 29
134 54 1135 649 0 4338 4864 70 77 3947 224
54 1135 649 0 4338 4864 70 77 3947 224 1080
1135 649 0 4338 4864 70 77 3947 224 1080 59
564 9 6198 18 145 2646 1223 10 521 3081 564
570 428 633 30 4 6266 70 1 16457 16457 16457
14 9184 291 0 199 4338 4864 70 20 599 13662
9184 291 0 199 4338 4864 70 20 599 13662 19
291 0 199 4338 4864 70 20 599 13662 19 438
16457 27 8460 616 0 5465 70 1733 119 682 7619
16457 16457 13075 112 0 8470 723 2 8470 12791 29
16457 13075 112 0 8470 723 2 8470 12791 29 521
2637 677 96 7 21 10949 275 8268 542 13822 6
16457 16457 5 1289 3 734 3696 50 15 147 67
16457 5 1289 3 734 3696 50 15 147 67 5479
34 2288 31 120 6439 5948 29 851 7 1315 307
235 0 332 57 2882 2646 1086 63 29 8 1879
18 14 851 1337 570 8672 236 32 33 41 1
35 1154 74 2395 1242 6266 70 1 16457 16457 16457
16457 16457 16457 460 1407 2646 2713 70 35 12382 2074
16457 16457 460 1407 2646 2713 70 35 12382 2074 2646
16457 460 1407 2646 2713 70 35 12382 2074 2646 2713
16457 16457 16457 16457 16457 11078 119 411 682 63 11826
1733 51 5 3536 27 2646 6434 2 2646 2713 63
51 5 3536 27 2646 6434 2 2646 2713 63 25
975 5033 9657 0 189 14104 2 7025 0 311 29
0 56 1225 2646 6434 70 4 58 351 2384 1
16457 16457 4944 3647 2 4944 3647 13708 45 356 33
16457 104 7 4 6209 4770 70 3734 70 3014 13666
104 7 4 6209 4770 70 3734 70 3014 13666 3
7633 16 70 110 79 9684 70 8332 2577 12131 6115
16 70 110 79 9684 70 8332 2577 12131 6115 70
70 110 79 9684 70 8332 2577 12131 6115 70 8332
16457 16457 16457 16457 16457 6266 70 29 6 206 312
16457 16457 16457 16457 6266 70 29 6 206 312 6266
16457 16457 39 10208 0 7959 70 147 4109 6577 1772
16457 39 10208 0 7959 70 147 4109 6577 1772 818
69 682 70 1733 3 10749 70 13811 62 6 2469
682 70 1733 3 10749 70 13811 62 6 2469 4
70 1733 3 10749 70 13811 62 6 2469 4 2130
13075 112 0 1337 570 8045 70 29 8 145 168
1223 405 153 0 1513 734 29 367 594 5 3538
766 1918 1040 5874 14 2646 1 16457 16457 16457 16457
200 73 2294 682 407 8470 70 4 70 1649 204
73 2294 682 407 8470 70 4 70 1649 204 9
16457 16457 16457 16457 16457 734 504 2505 789 7 21
16457 2646 2713 70 73 2646 6434 70 4 17 120
2646 2713 70 73 2646 6434 70 4 17 120 2646
2713 70 73 2646 6434 70 4 17 120 2646 236
652 21 6 3767 3 4944 3647 722 29 4 13
21 6 3767 3 4944 3647 722 29 4 13 7
56 11558 1190 715 14 5665 1 16457 16457 16457 16457
457 1163 5430 11596 14 11583 8 1495 31 13956 1
1628 53 302 1082 120 734 3 60 7 21 55
16457 16457 13075 112 0 12494 29 72 3673 9 87
16457 16457 596 766 27 4574 6092 763 70 2020 16
16457 596 766 27 4574 6092 763 70 2020 16 763
1825 3 500 25 106 6266 837 29 6 70 763
3 500 25 106 6266 837 29 6 70 763 3842
49 204 9 5874 14 734 1 16457 16457 16457 16457
6 28 166 63 27 2646 70 1733 51 5 3536
70 1733 22 4 2417 12649 11 13643 13644 677 70
16457 16457 16457 16457 4712 6266 70 236 352 35 67
16457 16457 16457 4712 6266 70 236 352 35 67 6266
139 13 599 347 734 8679 219 5203 18 158 24
16457 16457 320 41 3 734 2765 4 232 1096 3395
16457 320 41 3 734 2765 4 232 1096 3395 0
176 1848 291 322 14 11845 4 682 13704 70 37
43 394 3 4243 2784 7775 102 5512 0 21 66
49 0 9 206 312 5605 8868 2 12314 1 16457
0 9 206 312 5605 8868 2 12314 1 16457 16457
16457 16457 16457 16457 16457 13823 9038 70 13824 6088 3
16457 16457 16457 16457 13823 9038 70 13824 6088 3 5306
16457 16457 16457 13823 9038 70 13824 6088 3 5306 740
256 0 478 277 48 10202 70 29 762 1339 49
22 146 2414 418 3 4186 70 2 70 6581 4
146 2414 418 3 4186 70 2 70 6581 4 75
268 79 43 5 763 734 3696 102 734 70 61
79 43 5 763 734 3696 102 734 70 61 71
17 339 189 1225 2646 6434 70 4 682 3 235
5 763 734 3696 102 734 70 61 71 1 16457
763 734 3696 102 734 70 61 71 1 16457 16457
57 6 200 143 43 11344 9038 0 14082 2020 34
6 200 143 43 11344 9038 0 14082 2020 34 4176
601 49 204 9 2646 6434 70 20 1969 70 1649
1613 173 407 7130 43 10134 0 11441 0 156 48
16457 16457 16457 16457 16457 734 8679 352 31 1491 521
16457 16457 16457 16457 734 8679 352 31 1491 521 3
1228 38 179 763 6266 70 1086 128 70 1 16457
13713 4911 70 2 4911 70 844 8 145 35 13714
16457 16457 16457 16457 16457 2646 29 459 6 599 268
332 10 8 1376 70 12500 9 682 70 1733 0
8199 8 14 4 3 2646 3959 1 16457 16457 16457
8 14 4 3 2646 3959 1 16457 16457 16457 16457
16457 16457 16457 16457 16457 734 70 223 3073 223 2888
16457 16457 16457 16457 734 70 223 3073 223 2888 7
13847 25 146 1140 3842 734 9 2561 62 105 486
16457 16457 16457 13633 599 2646 309 2745 892 54 2646
1077 283 76 14159 74 8277 2624 0 1289 63 31
283 76 14159 74 8277 2624 0 1289 63 31 8816
41 21 851 120 1333 5605 975 64 0 2081 192
63 278 407 1337 570 8470 0 667 3959 70 0
8 666 808 13 2020 429 2995 9 70 216 4904
666 808 13 2020 429 2995 9 70 216 4904 1279
3 2823 1188 120 1333 4574 8074 7151 29 8 2823
2823 1188 120 1333 4574 8074 7151 29 8 2823 4464
1188 120 1333 4574 8074 7151 29 8 2823 4464 32
16457 16457 16457 13706 3 2646 2713 0 8045 70 851
15 147 1340 765 407 10613 63 57 254 138 200
16457 16457 5 330 3 10434 8 347 4636 1955 3501
9 206 1144 14147 3 4574 8074 1 16457 16457 16457
206 1144 14147 3 4574 8074 1 16457 16457 16457 16457
16457 16457 16457 16457 16457 5979 11754 147 1117 70 3908
16457 16457 16457 16457 5979 11754 147 1117 70 3908 0
55 119 763 7775 102 5512 128 963 8284 1 16457
16457 27 1802 99 0 10749 70 13811 119 5702 11887
27 1802 99 0 10749 70 13811 119 5702 11887 3734
1802 99 0 10749 70 13811 119 5702 11887 3734 3847
200 14099 5765 14100 83 14101 83 14104 83 7025 2
703 70 1588 931 1969 8470 703 70 498 13737 62
70 1588 931 1969 8470 703 70 498 13737 62 70
1513 13248 10 6346 31 12057 13755 9 17 5494 2183
13248 10 6346 31 12057 13755 9 17 5494 2183 4623
16457 16457 16457 447 9 734 70 0 734 70 3
16457 16457 447 9 734 70 0 734 70 3 246
63 3 1223 146 959 2646 5865 1413 20 9337 19
70 1733 0 347 447 2646 6434 70 116 2646 682
1733 0 347 447 2646 6434 70 116 2646 682 103
0 347 447 2646 6434 70 116 2646 682 103 57
16457 16457 39 30 0 13690 975 8 347 18 826
13 7 75 457 429 4186 70 2 4186 70 6581
7 75 457 429 4186 70 2 4186 70 6581 1
4 1513 1247 14 4864 6266 1086 63 1 16457 16457
1748 0 2 97 85 6266 70 2 70 132 2234
13075 112 0 101 430 8470 723 122 4 17 200
112 0 101 430 8470 723 122 4 17 200 6233
16457 16457 16457 16457 16457 2646 2713 70 62 8 871
16457 16457 16457 16457 2646 2713 70 62 8 871 126
16457 16457 16457 2646 2713 70 62 8 871 126 2712
1858 2633 726 972 140 4574 6092 77 498 13 2405
2633 726 972 140 4574 6092 77 498 13 2405 219
16457 1229 4 4864 48 13660 45 6 229 401 312
27 2646 3959 0 1086 2646 682 2294 103 66 1223
2 746 49 204 9 5499 70 70 1 16457 16457
746 49 204 9 5499 70 70 1 16457 16457 16457
16457 16457 13706 3 2646 2713 0 8045 70 851 9
543 23 3278 9638 31 5465 0 1229 6570 0 13
164 119 1802 270 0 2646 2713 70 209 111 119
119 1802 270 0 2646 2713 70 209 111 119 4
1802 270 0 2646 2713 70 209 111 119 4 70
1988 0 7 21 763 12314 29 6 5 273 3533
104 7 2645 7164 3 2646 6434 4 4305 841 64
7 2645 7164 3 2646 6434 4 4305 841 64 7
16457 16457 3129 9215 120 12872 3876 89 190 12876 309
801 107 0 87 145 5605 368 35 67 4 219
16457 16457 16457 16457 16457 734 2765 763 268 1085 95
16457 16457 16457 16457 734 2765 763 268 1085 95 123
16457 16457 39 30 0 8045 70 8 740 682 70
16457 16457 16457 16457 16457 14079 4 1337 570 2009 1366
7883 7 734 70 0 70 2624 0 1223 431 173
7 734 70 0 70 2624 0 1223 431 173 4391
26 20 9337 19 11 8470 703 29 4 457 4864
20 9337 19 11 8470 703 29 4 457 4864 236
16457 173 294 4712 14056 70 278 407 11740 35 1359
905 89 85 5 457 2646 7619 3 1223 1 16457
89 85 5 457 2646 7619 3 1223 1 16457 16457
1289 1477 1226 14005 146 12494 1477 8 85 75 1222
253 64 3 3647 2 3647 12337 3647 591 285 799
0 3729 3667 2784 31 10202 70 12547 38 384 6977
3729 3667 2784 31 10202 70 12547 38 384 6977 0
16 11 682 70 1733 12373 9 2469 70 837 70
119 31 5 160 416 4567 70 0 70 0 70
31 5 160 416 4567 70 0 70 0 70 2
95 236 7 718 2501 2646 5153 148 16457 16457 16457
4437 6570 0 13 120 734 70 2624 25 8 246
6570 0 13 120 734 70 2624 25 8 246 347
0 13 120 734 70 2624 25 8 246 347 22
0 176 4718 10775 3 3459 8846 25 96 2817 204
176 4718 10775 3 3459 8846 25 96 2817 204 9
16457 593 4 120 11923 70 25 6 2405 919 763
344 35 67 43 16 2274 3647 0 2941 3694 6311
16457 16457 16457 16457 16457 5499 70 70 20 682 70
16457 16457 16457 16457 5499 70 70 20 682 70 1733
158 741 3459 61 21 8846 38 752 1 16457 16457
6444 1086 63 64 31 734 2765 0 374 1587 3842
1086 63 64 31 734 2765 0 374 1587 3842 2044
63 3 4864 87 875 8470 70 8332 4 1085 0
3 4864 87 875 8470 70 8332 4 1085 0 591
4864 87 875 8470 70 8332 4 1085 0 591 2
347 277 400 0 429 11718 11845 6 347 253 0
277 400 0 429 11718 11845 6 347 253 0 2193
12 1348 76 120 4864 10862 11547 70 76 34 344
1348 76 120 4864 10862 11547 70 76 34 344 1825
76 120 4864 10862 11547 70 76 34 344 1825 131
314 9253 9734 3 4864 3459 8846 10 8 587 14
9253 9734 3 4864 3459 8846 10 8 587 14 93
64 0 39 41 407 8470 703 1901 4 457 4864
0 39 41 407 8470 703 1901 4 457 4864 10862
70 1733 763 268 763 5465 70 1733 70 29 521
1172 69 12 2180 21 4091 10434 8 740 17 1289
69 12 2180 21 4091 10434 8 740 17 1289 1172
53 395 408 27 120 734 223 3073 223 22 116
30 4 320 41 3 2646 29 8 740 5 1861
16457 16457 16457 16457 16457 8485 13711 4 13 120 429
89 4604 447 63 1333 4574 5979 1 16457 16457 16457
4604 447 63 1333 4574 5979 1 16457 16457 16457 16457
753 7 101 5874 14 2646 1 16457 16457 16457 16457
22 25 2819 9 56 2646 2713 70 62 57 896
25 2819 9 56 2646 2713 70 62 57 896 8
2819 9 56 2646 2713 70 62 57 896 8 13
56 1228 38 70 120 2646 1086 63 32 9354 33
715 3524 43 10223 0 12278 0 10303 156 16457 16457
16457 16457 16457 16457 347 6115 70 13764 6 347 892
16457 16457 16457 347 6115 70 13764 6 347 892 3
16457 16457 347 6115 70 13764 6 347 892 3 1337
16457 16457 1531 3 4091 11822 456 334 23 884 5118
964 31 1894 1748 3 2274 3647 0 823 9 17
31 1894 1748 3 2274 3647 0 823 9 17 15
16457 4944 3647 2 4944 3647 13708 45 356 33 70
25 10 521 851 8348 70 763 2637 5601 1 16457
158 347 4463 613 24 5499 70 48 45 12 6
347 4463 613 24 5499 70 48 45 12 6 453
0 138 6439 5979 0 12823 5979 7151 8 5585 889
138 6439 5979 0 12823 5979 7151 8 5585 889 70
6439 5979 0 12823 5979 7151 8 5585 889 70 1
633 43 11093 0 11093 3959 156 16457 16457 16457 16457
177 38 0 17 120 8470 6714 28 229 29 4924
38 0 17 120 8470 6714 28 229 29 4924 1438
118 371 9 5011 20 8642 0 5465 156 19 619
0 165 87 1887 939 3459 8846 8 768 4 925
165 87 1887 939 3459 8846 8 768 4 925 6103
3 4243 2784 7775 102 5512 0 21 66 1036 15
87 241 70 110 0 11845 5127 46 1668 7535 385
49 58 28 204 9 734 0 114 14 1613 3
683 1531 204 9 763 4574 5979 61 30 0 2
1531 204 9 763 4574 5979 61 30 0 2 62
34 70 202 70 599 10862 2130 63 6 1588 1901
70 202 70 599 10862 2130 63 6 1588 1901 70
0 177 4718 96 0 2646 6434 70 25 159 8
177 4718 96 0 2646 6434 70 25 159 8 12
4718 96 0 2646 6434 70 25 159 8 12 326
16457 246 347 4589 120 734 22 29 498 2417 382
13714 4911 70 2 4911 70 8811 1901 4 70 110
521 766 120 1337 570 7959 70 9 682 70 1733
766 120 1337 570 7959 70 9 682 70 1733 3
418 3 4186 70 2 70 6581 4 75 457 429
3 4186 70 2 70 6581 4 75 457 429 4729
27 5118 2769 0 10202 70 187 176 1584 9 75
16457 16457 16457 16457 16457 8470 70 8332 763 2577 57
663 3293 1337 570 3 2646 20 9337 19 11 2936
16457 16457 16457 596 1613 3459 8846 7 17 42 123
16457 16457 596 1613 3459 8846 7 17 42 123 72
10 587 2646 6434 2 2646 2713 682 7619 1 16457
587 2646 6434 2 2646 2713 682 7619 1 16457 16457
32 1638 4781 1821 31 4944 3647 2 715 530 100
1638 4781 1821 31 4944 3647 2 715 530 100 57
16457 16457 16457 1163 235 4091 10949 9 411 2024 5892
16457 16457 1163 235 4091 10949 9 411 2024 5892 331
16457 16457 16457 16457 6266 70 2 6266 70 1463 6
2234 0 7215 740 14 11932 70 6209 3 7538 12745
0 7215 740 14 11932 70 6209 3 7538 12745 0
16457 16457 16457 16457 16457 6031 11699 6868 8 1513 740
16457 16457 16457 16457 6031 11699 6868 8 1513 740 682
16457 16457 16457 6031 11699 6868 8 1513 740 682 70
40 3751 392 851 120 2646 682 70 1733 24 82
2647 0 402 1711 27 734 70 96 1066 70 95
0 402 1711 27 734 70 96 1066 70 95 204
22 18 1587 72 763 10666 63 64 1 16457 16457
1223 10 587 386 145 2646 2713 14107 20 4604 19
10 587 386 145 2646 2713 14107 20 4604 19 9
587 386 145 2646 2713 14107 20 4604 19 9 87
429 1226 6972 64 3 9627 70 2248 29 724 13
1226 6972 64 3 9627 70 2248 29 724 13 650
16457 16457 16457 16457 120 734 70 3073 8 13804 5118
16457 16457 16457 120 734 70 3073 8 13804 5118 2769
16457 16457 16457 16457 16457 3056 70 2624 1879 1222 1117
16457 16457 16457 16457 3056 70 2624 1879 1222 1117 2561
16457 16457 16457 3056 70 2624 1879 1222 1117 2561 70
13075 112 0 14159 2 14159 2624 29 8811 145 1901
112 0 14159 2 14159 2624 29 8811 145 1901 4
120 4864 1086 63 4 6266 70 749 1929 4193 0
4864 1086 63 4 6266 70 749 1929 4193 0 54
2894 219 4689 4305 3 10202 70 63 1 16457 16457
219 4689 4305 3 10202 70 63 1 16457 16457 16457
5011 4638 10563 13 120 2646 682 103 187 38 229
763 2577 320 1413 8470 70 8332 8 1339 219 143
16457 16457 16457 16457 16457 8470 70 13786 239 8 145
16457 16457 16457 16457 8470 70 13786 239 8 145 35
73 193 2942 5665 31 734 5665 29 8 9638 145
4 763 1009 600 3 6266 70 0 436 56 431
763 1009 600 3 6266 70 0 436 56 431 264
16457 16457 16457 16457 16457 4944 3647 2 4944 3647 13708
27 8460 616 0 120 8470 70 11336 63 498 682
8460 616 0 120 8470 70 11336 63 498 682 70
616 0 120 8470 70 11336 63 498 682 70 1733
37 18 1569 5 715 13855 0 13856 2 12350 2149
17 2128 27 70 120 2646 3959 135 57 4 2646
2128 27 70 120 2646 3959 135 57 4 2646 2624
16457 16457 16457 16457 16457 8816 35 28 262 159 1077
16457 16457 930 4232 0 10873 70 70 29 72 3673
16457 930 4232 0 10873 70 70 29 72 3673 34
930 4232 0 10873 70 70 29 72 3673 34 307
2 4186 11401 75 429 4186 70 2 70 6581 6
4186 11401 75 429 4186 70 2 70 6581 6 2405
16457 7 21 1337 570 6266 70 8 2944 3274 57
1532 740 14 6115 70 8332 5702 3734 3395 677 70
1969 0 746 64 191 13782 5979 11754 6 304 1969
0 746 64 191 13782 5979 11754 6 304 1969 62
746 64 191 13782 5979 11754 6 304 1969 62 70
734 8679 4303 9 734 70 1 16457 16457 16457 16457
0 275 3746 2 85 5990 1 16457 16457 16457 16457
16457 6877 25 14 153 2646 682 103 29 4 365
3073 43 10613 8919 102 14136 70 48 71 4 200
43 10613 8919 102 14136 70 48 71 4 200 87
2633 7636 87 875 54 12314 45 8 193 4 763
16457 16457 2565 5686 0 12616 12494 10 352 35 7212
16457 2565 5686 0 12616 12494 10 352 35 7212 33
9795 115 457 8470 70 8332 9 28 176 237 1
28 1289 1531 204 9 734 1 16457 16457 16457 16457
16457 238 1045 3459 222 4186 70 1743 252 38 34
238 1045 3459 222 4186 70 1743 252 38 34 42
16457 16457 16457 16457 7546 11845 25 8 740 272 1117
479 24 599 347 734 8679 22 57 193 126 28
1531 204 9 75 763 2646 2713 123 2945 0 986
204 9 75 763 2646 2713 123 2945 0 986 32
16457 16457 16457 16457 16457 4091 10434 8 740 682 13639
16457 16457 16457 16457 4091 10434 8 740 682 13639 6607
1633 192 1228 38 1086 6266 70 438 63 0 92
192 1228 38 1086 6266 70 438 63 0 92 6269
829 3 120 1337 570 2646 1 16457 16457 16457 16457
1096 62 70 5168 31 11143 70 156 16457 16457 16457
62 70 5168 31 11143 70 156 16457 16457 16457 16457
570 87 875 8470 70 8332 1 16457 16457 16457 16457
534 133 0 34 429 4186 24 1337 605 0 2448
655 2 17 575 599 5605 322 346 14 179 145
4507 57 29 851 4864 10979 70 70 309 1748 9
57 29 851 4864 10979 70 70 309 1748 9 347
29 851 4864 10979 70 70 309 1748 9 347 1121
309 6957 43 31 1337 5011 1 16457 16457 16457 16457
570 39 2944 3274 4 2646 6434 70 2 2646 2713
39 2944 3274 4 2646 6434 70 2 2646 2713 70
2944 3274 4 2646 6434 70 2 2646 2713 70 1
5 5118 50 2745 20 734 0 2646 19 0 5465
479 49 76 407 4864 2646 3130 3 9638 1 16457
9638 77 3493 782 2646 6434 70 77 14 4271 119
13706 3 2646 2713 0 8045 70 851 9 87 49
702 652 29 194 4 1223 2646 1 16457 16457 16457
652 29 194 4 1223 2646 1 16457 16457 16457 16457
5118 2769 0 297 457 11877 70 2 11877 70 3959
2769 0 297 457 11877 70 2 11877 70 3959 498
16457 16457 16457 16457 16457 4091 11078 8 740 5000 70
16457 16457 16457 16457 4091 11078 8 740 5000 70 3734
147 0 6751 283 24 2646 51 146 1223 108 1120
16457 16457 16457 16457 16457 2646 6434 70 2 2646 2713
16457 16457 16457 16457 2646 6434 70 2 2646 2713 70
16457 16457 16457 2646 6434 70 2 2646 2713 70 183
16457 27 8460 616 0 3056 70 70 1879 5000 3734
27 8460 616 0 3056 70 70 1879 5000 3734 3847
8460 616 0 3056 70 70 1879 5000 3734 3847 11954
4 13 925 6103 3 2646 2713 7619 1 16457 16457
13 925 6103 3 2646 2713 7619 1 16457 16457 16457
925 6103 3 2646 2713 7619 1 16457 16457 16457 16457
2788 27 1588 3 734 8679 4303 9 734 70 1
842 958 422 5860 1613 7959 70 35 150 20 9337
958 422 5860 1613 7959 70 35 150 20 9337 19
3274 0 1223 29 1190 5665 280 13 11419 36 6
130 447 9 15 4829 2713 70 0 176 1531 103
447 9 15 4829 2713 70 0 176 1531 103 64
16457 16457 16457 16457 16457 13935 25 8 740 1289 331
16457 16457 1223 504 851 734 6757 70 2148 61 734
16457 1223 504 851 734 6757 70 2148 61 734 70
16457 9 682 13662 0 13660 57 775 13663 13 233
16457 177 4574 12087 2 4574 6802 0 457 429 726
177 4574 12087 2 4574 6802 0 457 429 726 972
3209 878 322 346 14 6266 70 930 4232 0 120
878 322 346 14 6266 70 930 4232 0 120 4864
22 11 13 56 66 734 36 537 343 37 1
210 1821 0 56 1225 2646 6434 70 4 58 351
1821 0 56 1225 2646 6434 70 4 58 351 2384
0 56 1225 2646 6434 70 4 58 351 2384 1
1103 227 37 72 9627 70 12606 70 55 724 15
322 14 101 5874 31 2646 1 16457 16457 16457 16457
16457 16457 16457 16457 16457 13935 29 8 145 38 35
6315 0 2017 70 0 8506 1 16457 16457 16457 16457
7177 0 2274 7708 0 5499 70 0 5499 70 0
210 1821 0 56 1225 2646 6434 70 4 58 351
16457 16457 13075 112 0 11012 31 2017 70 29 8
4574 6802 0 12087 2 4574 573 8 14 4 1743
6802 0 12087 2 4574 573 8 14 4 1743 325
1227 204 9 17 407 5465 6434 61 30 1 16457
204 9 17 407 5465 6434 61 30 1 16457 16457
120 4864 8 304 34 10368 70 1733 1 16457 16457
939 14 385 138 429 4186 70 2 4186 11401 75
14 385 138 429 4186 70 2 4186 11401 75 429
16457 16457 4864 87 875 12564 70 164 31 543 2717
16457 4864 87 875 12564 70 164 31 543 2717 1748
16457 16457 16457 16457 16457 10202 70 6695 2020 10202 70
16457 16457 16457 16457 10202 70 6695 2020 10202 70 12063
851 126 273 63 14 734 2765 18 15 147 6
126 273 63 14 734 2765 18 15 147 6 126
3 1337 570 87 875 8470 70 8332 1 16457 16457
16457 16457 16457 16457 13770 734 70 2624 183 8 8014
16457 16457 16457 13770 734 70 2624 183 8 8014 23
16457 16457 13770 734 70 2624 183 8 8014 23 994
0 5 155 57 333 11344 9038 70 0 763 6
5 155 57 333 11344 9038 70 0 763 6 682
155 57 333 11344 9038 70 0 763 6 682 103
11932 70 6209 3 7538 12745 0 70 1093 13768 677
116 20 9337 19 11 14137 6 40 4 8513 6847
50 3874 1253 64 4 13261 1 16457 16457 16457 16457
6 165 87 1141 2646 2713 7619 48 6 3690 27
2017 70 3 60 4 8045 70 9 87 145 70
16457 16457 16457 16457 1628 11877 70 498 682 70 2
16457 16457 16457 1628 11877 70 498 682 70 2 70
766 598 5369 27 1086 2646 2713 661 39 0 2646
598 5369 27 1086 2646 2713 661 39 0 2646 2713
16457 16457 126 291 0 13842 8 740 28 1289 43
8803 70 0 3647 2 3647 3830 8 380 4 17
16457 16457 16457 16457 16457 11078 275 542 2637 677 96
16457 16457 16457 1223 766 2646 6434 70 35 639 42
16457 16457 1223 766 2646 6434 70 35 639 42 70
16457 1223 766 2646 6434 70 35 639 42 70 0
543 9 1625 27 120 10135 241 71 1 16457 16457
4712 14056 70 278 407 11740 35 1359 16 12882 4
16457 2464 5086 311 9 4186 70 62 322 14 179
2464 5086 311 9 4186 70 62 322 14 179 67
16457 16457 16457 16457 16457 10950 70 8 380 4 13
16457 16457 16457 16457 10950 70 8 380 4 13 7
16457 16457 51 43 120 8470 12791 0 235 25 8
16457 51 43 120 8470 12791 0 235 25 8 740
1333 498 682 103 43 5499 70 55 114 2501 3
498 682 103 43 5499 70 55 114 2501 3 4864
70 204 9 1711 27 734 3696 1 16457 16457 16457
204 9 1711 27 734 3696 1 16457 16457 16457 16457
16457 16457 16457 16457 16457 6266 70 25 29 164 31
16457 16457 16457 16457 6266 70 25 29 164 31 543
1584 428 633 81 3 13935 30 4 498 1096 3395
352 31 6439 7520 0 4574 7520 4864 13382 120 4944
31 6439 7520 0 4574 7520 4864 13382 120 4944 6609
1117 26 2097 26 0 4091 11078 51 158 45 229
26 2097 26 0 4091 11078 51 158 45 229 1172
7 21 402 15 147 6772 7655 4 175 213 37
21 402 15 147 6772 7655 4 175 213 37 0
243 2 308 93 120 734 55 1926 1477 3 787
165 87 1141 2646 2713 7619 48 6 3690 27 5
0 344 22 10 4464 4574 8074 857 510 1587 27
70 0 5499 70 0 11704 0 2 2274 7177 2713
25 39 10645 0 2646 6434 70 6 2561 1117 393
243 385 3 60 115 8672 0 62 41 70 8587
38 13 5280 143 18 4944 3647 2 3647 3830 26
13633 30 0 13630 2 13631 25 8 347 18 537
16457 16457 31 473 2501 2646 3 1223 7 33 70
1279 189 2017 70 2 2017 70 54 2464 29 222
189 2017 70 2 2017 70 54 2464 29 222 45
16457 16457 16457 16457 6266 70 29 6 682 70 1733
7 21 1795 1477 0 11078 2 10949 29 119 5012
16457 101 297 1337 570 8470 70 132 164 31 543
101 297 1337 570 8470 70 132 164 31 543 1748
344 22 25 1637 457 734 70 1733 9 87 137
16457 16457 16457 16457 16457 4574 5979 7151 12 222 59
16457 16457 16457 16457 4574 5979 7151 12 222 59 3
16457 16457 16457 4574 5979 7151 12 222 59 3 53
16457 16457 13075 112 0 3459 8846 8 740 682 70
16457 13075 112 0 3459 8846 8 740 682 70 1733
51 613 21 766 120 5499 123 2945 0 28 15
570 682 70 1733 6266 70 135 6266 70 1086 7399
16457 16457 173 294 10348 5465 70 1733 122 344 35
233 2 396 2472 120 734 4819 70 127 50 3170
11344 9038 11483 74 70 11344 9038 11483 4 2915 1588
9038 11483 74 70 11344 9038 11483 4 2915 1588 70
11483 74 70 11344 9038 11483 4 2915 1588 70 1733
179 205 7 1393 2501 2646 55 3027 384 1 16457
25 96 2817 204 9 2646 2713 70 13382 5 925
96 2817 204 9 2646 2713 70 13382 5 925 81
2817 204 9 2646 2713 70 13382 5 925 81 1
16457 1223 12 192 274 6772 7655 199 91 251 224
1223 12 192 274 6772 7655 199 91 251 224 8
3848 2075 4226 14 6266 70 1 16457 16457 16457 16457
16457 16457 16457 16457 16457 12057 13755 4 120 4864 4217
16457 16457 16457 16457 12057 13755 4 120 4864 4217 48
120 1333 9 206 312 14084 8888 12535 1 16457 16457
1333 9 206 312 14084 8888 12535 1 16457 16457 16457
9 206 312 14084 8888 12535 1 16457 16457 16457 16457
70 3535 3 5941 51 13630 29 309 1748 763 70
766 13 5064 81 3 13935 14 179 2072 5686 1
8 15 147 479 76 7959 70 143 49 1 16457
15 147 479 76 7959 70 143 49 1 16457 16457
16457 16457 1096 41 3 6266 70 6 2469 70 3449
16457 1096 41 3 6266 70 6 2469 70 3449 0
682 1588 70 1733 0 8277 2624 6 682 103 49
1588 70 1733 0 8277 2624 6 682 103 49 0
16457 16457 16457 16457 16457 13674 9038 70 6695 13817 13818
16457 16457 16457 16457 13674 9038 70 6695 13817 13818 10202
16457 16457 16457 13674 9038 70 6695 13817 13818 10202 70
21 34 734 70 0 734 3696 2 185 4 734
34 734 70 0 734 3696 2 185 4 734 70
9 15 121 6777 13722 2569 61 30 1 16457 16457
3062 1279 3 1250 2926 11409 70 1 16457 16457 16457
1279 3 1250 2926 11409 70 1 16457 16457 16457 16457
2646 70 734 6757 2 2646 70 63 851 8811 811
16457 16457 16457 16457 8226 70 0 11818 2 130 71
459 706 31 5 534 734 3 344 0 2 39
2421 1366 31 235 43 12152 0 5990 0 3056 12219
14 179 13825 200 667 11877 70 0 13826 70 309
179 13825 200 667 11877 70 0 13826 70 309 1748
12860 356 239 35 0 2646 6434 70 3956 0 4604
356 239 35 0 2646 6434 70 3956 0 4604 8
239 35 0 2646 6434 70 3956 0 4604 8 4081
1172 5250 241 71 0 4091 10434 8 193 4 499
5250 241 71 0 4091 10434 8 193 4 499 143
17 763 273 63 3 8470 70 8332 77 105 8
763 273 63 3 8470 70 8332 77 105 8 704
273 63 3 8470 70 8332 77 105 8 704 782
1404 2567 14 120 429 13741 1 16457 16457 16457 16457
8 1449 154 13699 120 2646 2713 70 1733 63 64
1449 154 13699 120 2646 2713 70 1733 63 64 1
49 28 204 9 200 6434 356 33 8310 1 16457
37 502 2417 3734 3847 4770 70 677 13640 0 2044
502 2417 3734 3847 4770 70 677 13640 0 2044 6623
16 41 1350 2424 3 6266 3169 0 1633 3 33
41 1350 2424 3 6266 3169 0 1633 3 33 70
75 763 734 2765 2 2765 2624 1 16457 16457 16457
763 734 2765 2 2765 2624 1 16457 16457 16457 16457
587 13 407 429 12716 11150 0 322 14 5 78
16457 3536 294 27 8470 703 70 682 7542 20 9337
16457 16457 16457 16457 16457 2646 6434 70 2 2713 70
16457 16457 16457 16457 2646 6434 70 2 2713 70 10
16457 16457 16457 2646 6434 70 2 2713 70 10 27
158 75 741 10202 2 11248 119 6209 3902 1 16457
1633 3081 2081 851 4864 8672 32 33 41 20 9337
6 166 51 14 153 734 6757 29 521 50 7409
16457 16457 16457 13633 599 2646 309 2745 892 54 2646
16457 16457 16457 16457 2501 2646 3 1223 7 111 684
4 70 184 1952 43 734 70 2624 1 16457 16457
70 184 1952 43 734 70 2624 1 16457 16457 16457
184 1952 43 734 70 2624 1 16457 16457 16457 16457
321 826 501 9 11371 734 2765 851 7 82 70
826 501 9 11371 734 2765 851 7 82 70 76
4770 70 10 352 31 6439 7520 0 4574 7520 4864
70 10 352 31 6439 7520 0 4574 7520 4864 13382
165 87 330 1281 0 10198 70 20 70 19 8
87 330 1281 0 10198 70 20 70 19 8 193
30 0 1096 122 3 13660 498 28 1289 6267 14
919 43 120 4864 975 6266 70 1 16457 16457 16457
43 120 4864 975 6266 70 1 16457 16457 16457 16457
27 4910 6088 0 5465 70 1733 161 1056 1519 21
7 184 1870 9 407 2646 3 1223 1 16457 16457
2 3501 3 17 1086 8348 10 8 38 484 1
10563 457 7636 70 1733 7417 7040 1 16457 16457 16457
457 7636 70 1733 7417 7040 1 16457 16457 16457 16457
9 2873 31 734 0 2646 135 6772 5765 1 16457
15 147 0 199 407 6266 194 744 76 17 1613
2753 1532 2586 2128 851 5499 70 7 82 70 2975
1532 2586 2128 851 5499 70 7 82 70 2975 2753
16457 16457 239 35 0 3056 70 70 10 72 3673
16457 239 35 0 3056 70 70 10 72 3673 35
239 35 0 3056 70 70 10 72 3673 35 131
16457 447 43 5874 14 734 0 763 31 2646 29
16457 16457 216 2944 16 2941 14094 122 4 120 4864
16457 216 2944 16 2941 14094 122 4 120 4864 6266
101 2522 5 763 3 5665 26 16457 16457 16457 16457
1733 2469 7275 0 120 2081 11035 158 76 14 15
2469 7275 0 120 2081 11035 158 76 14 15 147
16457 16457 16457 15 147 2274 7177 0 2274 7708 0
87 145 3 101 430 2646 63 219 143 35 179
238 3852 36 138 1333 9657 117 8028 168 1011 666
1095 1445 3 101 430 2274 3647 2 2274 3647 3830
1445 3 101 430 2274 3647 2 2274 3647 3830 1
126 70 6843 204 9 734 3696 1 16457 16457 16457
70 6843 204 9 734 3696 1 16457 16457 16457 16457
390 0 120 1337 570 4091 13921 11 70 192 187
0 120 1337 570 4091 13921 11 70 192 187 705
2274 3647 0 2941 3694 6311 0 102 425 4 734
16457 16457 39 30 0 8672 119 13 1096 41 70
1537 715 1532 2 715 11336 972 1627 618 31 1337
8510 5053 83 21 138 5499 70 29 8 666 168
5053 83 21 138 5499 70 29 8 666 168 1828
27 8460 616 0 2646 3959 29 8 740 682 70
16457 41 1404 322 14 13741 0 872 287 1218 1932
2373 405 65 1450 3 2646 3959 1588 70 1733 338
16457 16457 16457 16457 13682 70 0 87 3345 235 143
0 478 277 48 10202 70 29 762 1339 49 97
763 4864 133 158 741 6266 1 16457 16457 16457 16457
16457 16457 16457 5874 14 2646 29 8 740 70 715
14 946 851 22 4 6266 70 1 16457 16457 16457
946 851 22 4 6266 70 1 16457 16457 16457 16457
11 1894 1748 70 8329 12554 7883 20 70 202 19
40 16 13638 8868 0 5605 0 12314 62 4 1333
6740 17 372 3 120 13777 0 3459 10 254 192
9638 29 3265 1743 145 734 0 2646 35 2346 3
16457 16457 16457 16457 9 2646 2713 0 1223 10 1580
16457 16457 16457 9 2646 2713 0 1223 10 1580 14
28 2128 14 153 6266 70 763 5601 135 6266 70
7 111 38 484 0 8348 70 5601 62 145 9
0 51 715 5874 14 2646 724 49 70 110 1104
11915 183 89 0 1086 10202 70 25 10 352 9
16457 16457 9 11078 2 10949 0 760 1117 26 2097
16457 16457 16457 16457 1233 734 2765 2 2765 2624 8
16457 16457 16457 1233 734 2765 2 2765 2624 8 1722
3523 70 41 21 120 734 55 1926 1477 3 60
616 543 919 43 31 2274 6609 1 16457 16457 16457
302 2473 166 136 27 2646 1086 63 116 13589 407
16457 16457 16457 16457 16457 6772 7655 119 5217 70 1733
16457 16457 16457 16457 6772 7655 119 5217 70 1733 92
16457 16457 16457 16457 851 12564 70 0 1337 570 1748
16457 16457 16457 851 12564 70 0 1337 570 1748 87
2712 1096 8 119 31 734 3 1223 1 16457 16457
13382 5 763 61 0 4574 6092 2916 24 15 147
5 763 61 0 4574 6092 2916 24 15 147 607
0 70 0 70 2 5263 13987 1 16457 16457 16457
70 0 70 2 5263 13987 1 16457 16457 16457 16457
1188 1223 55 163 1086 2646 63 158 206 2646 3959
4271 147 1117 3 4091 11822 8 108 72 1527 76
13743 6 2915 11259 0 6266 70 4865 4 11674 0
6 2915 11259 0 6266 70 4865 4 11674 0 2
875 309 2417 3734 3847 8470 70 11336 1 16457 16457
309 2417 3734 3847 8470 70 11336 1 16457 16457 16457
2417 3734 3847 8470 70 11336 1 16457 16457 16457 16457
0 8966 0 531 31 90 7330 2022 0 355 2994
8966 0 531 31 90 7330 2022 0 355 2994 688
0 531 31 90 7330 2022 0 355 2994 688 1
16457 16457 16457 16457 16457 3459 8846 92 1073 7725 274
16457 16457 16457 16457 3459 8846 92 1073 7725 274 9
682 314 2351 4718 3 6266 837 31 9734 25 10
314 2351 4718 3 6266 837 31 9734 25 10 8
16457 16457 16457 14023 153 2646 6434 63 57 29 275
16457 16457 14023 153 2646 6434 63 57 29 275 2712
34 1928 160 0 5574 734 1163 1785 22 158 24
103 64 3 2823 4 4574 12087 8 851 32 524
64 3 2823 4 4574 12087 8 851 32 524 2983
1456 222 682 25 146 6115 70 8332 1821 2176 0
16457 16457 16457 16457 16457 6266 837 8 1285 9 2405
16457 16457 16457 16457 6266 837 8 1285 9 2405 841
2 601 49 204 9 2646 6434 70 20 1969 70
1413 534 8 14 4 734 2765 1 16457 16457 16457
534 8 14 4 734 2765 1 16457 16457 16457 16457
763 1587 3 120 1333 4574 9526 8 2823 851 32
1587 3 120 1333 4574 9526 8 2823 851 32 82
0 48 25 57 4 6266 63 135 13 120 7636
975 844 851 81 43 11805 2 4458 70 8 380
1586 2501 145 38 3 734 70 2624 69 1223 10
2501 145 38 3 734 70 2624 69 1223 10 12
145 38 3 734 70 2624 69 1223 10 12 2345
16457 16457 16457 16457 16457 13660 6 4125 3956 2 57
16457 16457 16457 16457 16457 10434 8 4412 120 429 4674
2139 682 77 51 31 2646 2713 70 1 16457 16457
682 77 51 31 2646 2713 70 1 16457 16457 16457
77 51 31 2646 2713 70 1 16457 16457 16457 16457
11 70 202 14 763 8470 723 1030 2965 1 16457
70 202 14 763 8470 723 1030 2965 1 16457 16457
30 0 1096 41 3 13814 70 275 2469 70 5168
0 1096 41 3 13814 70 275 2469 70 5168 20
4574 7520 4864 13382 120 4944 6609 763 145 23 131
7520 4864 13382 120 4944 6609 763 145 23 131 1
204 9 2646 6434 102 6266 70 1 16457 16457 16457
9 2646 6434 102 6266 70 1 16457 16457 16457 16457
0 2 1486 2223 172 734 0 2646 2 5011 1
17 665 552 2462 43 7959 70 194 4 513 5947
665 552 2462 43 7959 70 194 4 513 5947 3
16457 16457 239 35 0 2646 2713 643 10 365 264
16457 239 35 0 2646 2713 643 10 365 264 127
19 83 12298 7720 20 12972 19 221 28 23 215
16457 16457 16457 16457 919 10613 9038 70 0 5 457
16457 16457 16457 919 10613 9038 70 0 5 457 4864
16457 16457 919 10613 9038 70 0 5 457 4864 63
16457 2464 5086 311 9 4186 70 87 1524 4186 70
2464 5086 311 9 4186 70 87 1524 4186 70 9
87 875 939 8470 70 8332 740 682 70 1733 0
16457 16457 27 2788 2405 12494 8 740 682 11464 70
24 154 30 4 734 6757 2 2646 70 1 16457
16457 16457 16457 16457 16457 4091 11078 6 1117 26 2097
16457 16457 16457 16457 4091 11078 6 1117 26 2097 26
57 446 76 122 4 12746 7883 1 16457 16457 16457
446 76 122 4 12746 7883 1 16457 16457 16457 16457
15 3358 1223 21 34 734 70 0 734 3696 2
3358 1223 21 34 734 70 0 734 3696 2 185
115 204 9 682 31 4944 6609 25 152 8 380
204 9 682 31 4944 6609 25 152 8 380 4
851 13 200 63 3 734 194 4 1625 8 479
713 29 145 38 4864 7959 70 34 42 70 35
29 145 38 4864 7959 70 34 42 70 35 70
16457 16457 16457 175 4426 734 70 0 332 10 302
13826 70 309 1748 2 4338 70 3959 309 1894 2017
740 2405 841 14 407 10862 11547 70 808 851 13
2405 841 14 407 10862 11547 70 808 851 13 534
16457 16457 13735 384 10950 70 16 1337 570 75 2020
3845 36 465 37 43 4091 13921 11 70 1 16457
36 465 37 43 4091 13921 11 70 1 16457 16457
2130 2 7152 2130 0 8470 703 10 14 93 71
2 7152 2130 0 8470 703 10 14 93 71 4
250 4 763 133 0 6266 70 102 6266 70 0
50 2745 20 734 0 2646 19 0 5465 2 6862
41 3 1638 4781 31 2646 2713 70 8 2024 13
3 1638 4781 31 2646 2713 70 8 2024 13 453
1638 4781 31 2646 2713 70 8 2024 13 453 8320
16457 930 4232 0 120 13763 3959 837 236 29 1339
930 4232 0 120 13763 3959 837 236 29 1339 32
4232 0 120 13763 3959 837 236 29 1339 32 82
16457 16457 16457 31 763 8470 70 1236 29 4 3458
6088 16 4574 6802 0 12087 2 4574 573 8 14
204 9 734 2 85 2646 6434 33 8310 1 16457
9 734 2 85 2646 6434 33 8310 1 16457 16457
8 109 38 92 2501 2646 862 4 92 179 10
43 911 1140 5012 20 12032 19 1 16457 16457 16457
13 3118 81 3 4091 11822 4 8 1879 85 1334
1154 74 2395 1242 6266 70 1 16457 16457 16457 16457
0 682 70 1733 0 4186 70 51 808 39 1524
682 70 1733 0 4186 70 51 808 39 1524 666
70 0 11704 0 2 2274 7177 2713 57 1569 27
70 306 0 7 21 2646 2713 70 62 209 70
306 0 7 21 2646 2713 70 62 209 70 214
0 7 21 2646 2713 70 62 209 70 214 70
103 31 650 1711 27 734 70 204 9 925 826
31 650 1711 27 734 70 204 9 925 826 73
17 2128 27 70 120 2646 3959 70 1733 29 851
2128 27 70 120 2646 3959 70 1733 29 851 32
49 204 9 15 4829 2646 2713 70 1 16457 16457
204 9 15 4829 2646 2713 70 1 16457 16457 16457
9 15 4829 2646 2713 70 1 16457 16457 16457 16457
9 70 407 11740 0 12262 2 12521 9 165 87
56 838 105 2646 6434 70 219 351 2384 1 16457
16457 16457 423 1388 14 2646 2713 4 5702 3734 3395
16457 423 1388 14 2646 2713 4 5702 3734 3395 677
5566 14 65 851 3 3459 8846 360 73 176 45
14 65 851 3 3459 8846 360 73 176 45 17
16457 16457 16457 16457 2501 2941 3694 20 6311 19 5806
16457 16457 16457 2501 2941 3694 20 6311 19 5806 272
53 55 119 122 763 11409 70 63 64 0 48
55 119 122 763 11409 70 63 64 0 48 2269
19 11 85 70 407 11344 9038 132 740 1096 41
11 85 70 407 11344 9038 132 740 1096 41 70
147 67 77 5689 1628 734 70 2 70 2624 27
67 77 5689 1628 734 70 2 70 2624 27 68
16457 16457 4507 4464 4864 10873 70 3959 70 309 2017
16457 4507 4464 4864 10873 70 3959 70 309 2017 70
4507 4464 4864 10873 70 3959 70 309 2017 70 0
4464 4864 10873 70 3959 70 309 2017 70 0 87
2647 0 7 21 120 2646 6434 1086 63 9 682
0 7 21 120 2646 6434 1086 63 9 682 70
2822 5347 2713 9 120 8470 703 682 7542 1 16457
5347 2713 9 120 8470 703 682 7542 1 16457 16457
682 1588 70 1733 919 6115 70 70 37 48 2646
1588 70 1733 919 6115 70 70 37 48 2646 2713
63 64 3 9657 4 13713 4911 70 2 4911 70
5155 1441 54 101 430 2646 1086 63 45 7175 10321
16457 16457 16457 16457 16457 11913 4489 20 682 70 1733
16457 16457 16457 16457 11913 4489 20 682 70 1733 0
31 0 85 11078 2 10949 132 8 740 682 237
20 70 202 19 2 10862 11547 70 1733 20 70
70 202 19 2 10862 11547 70 1733 20 70 202
3830 0 5499 70 0 10532 0 2941 3694 6311 0
4809 0 10563 734 0 2646 25 4 13 7 17
3 13691 77 105 112 13690 29 119 2417 3734 3847
16457 16457 16457 16457 16457 3694 70 275 143 5 715
16457 16457 16457 16457 3694 70 275 143 5 715 1123
2713 70 115 457 2646 2713 70 48 12 1188 136
0 75 763 1337 570 6266 130 71 64 132 8
0 2941 3694 6311 0 6439 5979 0 4574 5979 7151
2941 3694 6311 0 6439 5979 0 4574 5979 7151 29
61 24 154 30 4 734 6757 2 2646 70 1
14 4 120 4864 8470 703 70 3 1532 29 851
16457 16457 16457 8470 70 8332 6 1588 70 1733 9
16457 16457 16457 16457 16457 5465 70 1733 763 268 763
16457 16457 16457 16457 16457 8226 70 0 11818 2 130
311 21 138 5 200 14099 5765 14100 83 14101 83
21 138 5 200 14099 5765 14100 83 14101 83 14102
138 5 200 14099 5765 14100 83 14101 83 14102 5
72 1748 70 7218 19 10613 9038 70 20 70 202
1748 70 7218 19 10613 9038 70 20 70 202 19
70 7218 19 10613 9038 70 20 70 202 19 13075
101 430 2274 3647 2 2274 3647 1086 63 0 1532
430 2274 3647 2 2274 3647 1086 63 0 1532 45
16457 16457 16457 16457 16457 10979 70 70 2248 7827 663
16457 16457 16457 16457 10979 70 70 2248 7827 663 2646
16457 16457 16457 10979 70 70 2248 7827 663 2646 6434
119 14 93 682 3 4186 70 77 6 1498 136
14 93 682 3 4186 70 77 6 1498 136 30
16457 16457 16457 16457 16457 8485 9065 3656 4 13 7
49 85 2646 2713 70 3459 8846 92 1073 7725 274
85 2646 2713 70 3459 8846 92 1073 7725 274 9
1748 87 875 43 14 14078 70 8811 145 251 875
87 875 43 14 14078 70 8811 145 251 875 49
1637 3 15 147 32 734 70 108 96 49 1868
3 15 147 32 734 70 108 96 49 1868 295
70 204 9 8276 2 2646 6434 1 16457 16457 16457
204 9 8276 2 2646 6434 1 16457 16457 16457 16457
1144 3062 3 1327 2926 14075 70 0 140 24 154
3062 3 1327 2926 14075 70 0 140 24 154 3298
58 28 204 9 407 11797 1 16457 16457 16457 16457
17 1285 63 27 1086 734 63 158 682 70 1733
1223 174 4456 289 2069 2646 3 60 264 5 4731
3 2941 29 119 2417 4770 3 344 22 31 518
0 8470 703 70 2 6115 703 70 29 6 2730
8470 703 70 2 6115 703 70 29 6 2730 96
703 70 2 6115 703 70 29 6 2730 96 49
768 4 925 6103 3 2646 2713 2 6266 70 1
4 925 6103 3 2646 2713 2 6266 70 1 16457
56 2646 6434 70 2 2646 2713 70 12 498 28
2646 6434 70 2 2646 2713 70 12 498 28 1587
6434 70 2 2646 2713 70 12 498 28 1587 4729
7 206 1144 200 20 6115 703 4 11727 2 12197
206 1144 200 20 6115 703 4 11727 2 12197 19
1267 274 120 1337 570 9108 70 0 200 51 45
274 120 1337 570 9108 70 0 200 51 45 1042
236 309 9880 9 2942 1748 2149 0 10563 4 232
309 9880 9 2942 1748 2149 0 10563 4 232 506
356 1223 851 101 430 734 70 2624 32 82 70
1223 851 101 430 734 70 2624 32 82 70 33
851 101 430 734 70 2624 32 82 70 33 8310
16457 16457 16457 16457 16457 13658 70 29 8 740 5000
98 1228 38 70 120 2646 438 63 321 3813 1508
16457 16457 16457 16457 352 2646 6434 26 3874 26 309
16457 16457 16457 352 2646 6434 26 3874 26 309 8
29 6 1144 235 4 13835 2 13836 1 16457 16457
114 14 65 2943 3 2646 25 12 8 6797 1938
0 5000 3734 3847 9364 12320 0 5171 2554 70 3535
27 4910 6088 0 1223 8476 109 38 179 70 763
239 62 6 31 407 2274 3 3082 22 1 16457
16457 16457 39 30 0 2646 2713 70 498 2368 2
16457 39 30 0 2646 2713 70 498 2368 2 173
39 30 0 2646 2713 70 498 2368 2 173 1289
16457 16457 16457 16457 16457 13660 6 70 273 831 518
9777 2145 0 101 430 6115 703 29 498 5000 70
2145 0 101 430 6115 703 29 498 5000 70 1093
16457 16457 16457 16457 16457 13980 8 1637 29 3861 486
15 12 6 4315 9 8348 3 2464 84 1287 601
16457 16457 16457 16457 16457 2646 6434 63 1644 100 473
16457 16457 16457 16457 2646 6434 63 1644 100 473 292
11315 19 919 43 31 3694 6311 338 1 16457 16457
19 919 43 31 3694 6311 338 1 16457 16457 16457
919 43 31 3694 6311 338 1 16457 16457 16457 16457
826 9 2448 11 113 7959 70 55 2565 239 1
9 2448 11 113 7959 70 55 2565 239 1 16457
16457 25 39 11729 54 2646 3959 29 158 347 447
25 39 11729 54 2646 3959 29 158 347 447 9
5545 45 192 4464 120 13777 9 2405 8 1587 428
16457 16457 16457 16457 6439 5979 1602 235 1928 160 0
20 9452 19 1711 27 734 3696 27 5 1289 3536
9452 19 1711 27 734 3696 27 5 1289 3536 3
16457 16457 16457 2405 3 13763 3959 837 667 2417 382
16457 16457 2405 3 13763 3959 837 667 2417 382 4109
16457 2405 3 13763 3959 837 667 2417 382 4109 6577
64 0 58 57 17 6266 102 1633 7130 29 4
16457 16457 16457 16457 16457 6266 70 2 6266 70 1463
1359 16 12882 4 407 12396 63 64 3 1532 55
193 658 329 406 27 8470 703 31 9875 1 16457
658 329 406 27 8470 703 31 9875 1 16457 16457
294 27 3459 8846 16 3459 8846 1161 107 16 70
27 3459 8846 16 3459 8846 1161 107 16 70 235
14 15 147 6315 0 734 0 2646 2 1337 570
0 204 9 70 3 2646 1 16457 16457 16457 16457
0 176 4718 10775 3 3459 8846 25 96 2817 204
176 4718 10775 3 3459 8846 25 96 2817 204 9
16457 16457 13075 112 0 6031 11699 6868 29 72 3673
16457 13075 112 0 6031 11699 6868 29 72 3673 9
13075 112 0 6031 11699 6868 29 72 3673 9 297
35 13714 4911 70 2 4911 70 8811 1901 4 70
18 826 9 2646 2 2646 2713 3 1223 13382 17
826 9 2646 2 2646 2713 3 1223 13382 17 200
16457 16457 16457 16457 16457 11855 9961 33 154 0 5306
16457 16457 16457 16457 16457 8470 9913 239 8 145 35
16457 16457 16457 16457 8470 9913 239 8 145 35 10113
122 3 15 147 27 734 70 1 16457 16457 16457
3 15 147 27 734 70 1 16457 16457 16457 16457
25 14 112 0 1086 2646 22 29 1879 70 2200
14094 122 4 120 4864 6266 1086 661 39 116 20
16457 16457 13633 30 0 4574 6802 25 39 2134 192
16457 13633 30 0 4574 6802 25 39 2134 192 148
16457 95 22 0 1463 734 70 6 45 12974 6603
95 22 0 1463 734 70 6 45 12974 6603 35
5397 10 8 1879 72 2646 6434 70 0 146 108
10 8 1879 72 2646 6434 70 0 146 108 304
8 1879 72 2646 6434 70 0 146 108 304 2926
138 200 122 344 3 12098 31 569 2072 1 16457
70 15 147 1752 772 734 337 5118 2769 1 16457
49 1182 204 9 407 11232 1895 816 1 16457 16457
16457 16457 16457 8470 70 8332 763 2577 57 312 449
2745 4811 1043 15 147 734 132 119 297 715 4811
4 1280 63 3 120 734 2765 1 16457 16457 16457
1280 63 3 120 734 2765 1 16457 16457 16457 16457
11360 10 6 2206 1743 10749 70 13811 122 344 34
10 6 2206 1743 10749 70 13811 122 344 34 70
6 2206 1743 10749 70 13811 122 344 34 70 110
347 2 8460 616 16 8348 70 5601 6 347 919
2713 70 919 43 31 734 1086 63 1 16457 16457
16403 70 7 70 90 16404 49 70 181 79 1
8 704 782 0 48 12213 77 8 768 4 13
430 1333 4091 11078 2 10949 16 1117 10092 1032 456
1513 10 4426 322 14 12193 70 13764 2969 1413 115
10 4426 322 14 12193 70 13764 2969 1413 115 1928
4426 322 14 12193 70 13764 2969 1413 115 1928 160
14 4 1163 235 3 734 8679 3536 61 30 1
4 1163 235 3 734 8679 3536 61 30 1 16457
70 202 7 21 2646 70 62 6 13 763 1042
14 763 6 2577 0 8470 70 8332 2248 29 4
763 6 2577 0 8470 70 8332 2248 29 4 457
6 2577 0 8470 70 8332 2248 29 4 457 1337
16457 16457 16457 16457 16457 2646 3959 8 740 682 70
16457 16457 16457 16457 2646 3959 8 740 682 70 1733
16 11 682 70 1733 12373 9 2469 70 837 70
16457 16457 39 30 0 13777 8 740 5000 13778 2
4811 31 6266 70 0 6266 70 2 11739 4147 8
31 6266 70 0 6266 70 2 11739 4147 8 38
16457 16457 235 498 682 11519 70 1733 0 5000 3734
1337 570 682 70 1733 6266 70 135 6266 70 1086
2368 438 447 9 734 70 2 734 70 2624 1
16457 16457 16457 16457 16457 2646 6434 70 2 2713 70
16457 16457 16457 16457 2646 6434 70 2 2713 70 8811
16457 16457 16457 2646 6434 70 2 2713 70 8811 674
166 2944 3274 27 120 2646 1086 63 22 132 405
272 216 54 101 430 734 2765 2 2765 2624 29
216 54 101 430 734 2765 2 2765 2624 29 4
16457 16457 16457 16457 16457 11143 0 120 1333 70 682
1797 2202 3 1333 3204 2274 6609 1 16457 16457 16457
239 55 1465 70 763 2646 682 103 70 1733 1
2200 177 447 43 763 734 70 239 154 1 16457
177 447 43 763 734 70 239 154 1 16457 16457
32 33 70 0 48 13773 4 13 200 105 1868
16457 16457 16457 16457 16457 2646 682 70 1733 3751 851
751 26 63 64 5306 9010 1 16457 16457 16457 16457
16457 16457 2464 521 851 8348 70 599 2637 9 87
16457 92 826 501 9 1223 2149 69 11739 4 534
92 826 501 9 1223 2149 69 11739 4 534 236
114 1223 2564 492 274 2646 682 103 1 16457 16457
385 138 2646 63 0 2646 6434 57 77 29 4
138 2646 63 0 2646 6434 57 77 29 4 499
2910 347 4743 4402 18 11822 2102 315 15 53 79
1587 1279 14 15 147 2017 70 2 2150 490 0
1279 14 15 147 2017 70 2 2150 490 0 17
16457 16457 31 233 4864 8470 70 8332 35 67 16
5 179 1247 66 734 6757 70 2148 29 8 902
19 11 5000 3734 3847 7024 10358 5171 2554 70 3535
200 14099 5765 14100 83 14101 83 14102 5 1333 14099
4638 10004 11 7430 146 2646 309 6957 43 31 1337
2405 325 3 60 0 10950 70 8 193 6 11938
325 3 60 0 10950 70 8 193 6 11938 219
17 2128 27 120 4864 10979 70 70 309 1748 9
2128 27 120 4864 10979 70 70 309 1748 9 347
27 120 4864 10979 70 70 309 1748 9 347 1121
27 5 179 1247 66 734 6757 70 2148 29 8
16457 16457 16457 16457 16457 9448 70 119 2417 9865 63
16457 16457 16457 16457 9448 70 119 2417 9865 63 64
394 3 734 70 102 70 2624 1 16457 16457 16457
3 734 70 102 70 2624 1 16457 16457 16457 16457
402 3538 411 479 76 7959 70 10 753 8090 35
3538 411 479 76 7959 70 10 753 8090 35 1345
5 200 3 60 2 2646 25 12 40 4 1423
19 11 5000 3734 3847 7024 7177 3959 5171 2554 70
11 5000 3734 3847 7024 7177 3959 5171 2554 70 3535
